Time (s)	PSI(P = 2 nW*um^-2)(a.u.) 
0.0	0.0087167178749161
0.041	0.0063119552932746
0.081	0.0051096915257952
0.121	-0.0147282482543292
0.161	-0.0039076393003268
0.201	0.0171325642472771
0.241	-0.0003006129512059
0.281	0.0015024301299951
0.321	0.0027049289441538
0.361	0.0195373268289185
0.401	-0.0165315263822096
0.441	0.0129247585844362
0.481	-0.002103656032407
0.521	-0.002103656032407
0.561	-0.001502876718687
0.601	-0.001502876718687
0.641	-0.0237448739404118
0.681	0.000300166362514
0.722	-0.0207393320450504
0.762	0.0129247585844362
0.802	0.0033066484445941
0.842	0.0111207753165164
0.882	0.0045089122120752
0.923	-0.0075139605094082
0.963	0.0195373268289185
1.003	0.0039071927116348
1.043	0.0345657414457618
1.083	0.0291554369687606
1.123	0.41809469962568
1.163	0.529305860967703
1.203	0.604448874238638
1.244	0.670574556683453
1.285	0.727682908302144
1.325	0.798016631456478
1.365	0.843101875307008
1.405	0.886985795576777
1.446	0.908025293984341
1.487	0.954313741789071
1.527	0.995191179976758
1.568	1.0
1.608	0.858130289923851
1.649	0.837691570830007
1.689	0.80643224278216
1.73	0.796814132642318
1.771	0.788398286269957
1.811	0.771565888385194
1.851	0.774572370467274
1.891	0.75894223634999
1.931	0.76014450011747
1.971	0.741509059151507
2.011	0.766757303408631
2.051	0.744514601046867
2.092	0.730087670883785
2.132	0.725879865220942
2.172	0.719267061929783
2.212	0.728283687615863
2.252	0.714457536766501
2.293	0.730688450197505
2.333	0.690411791323536
2.373	0.707244189208299
2.413	0.70664246970786
2.453	0.686203750614016
2.493	0.692215774591456
2.533	0.727081188801705
2.573	0.686203750614016
2.613	0.704839426626659
2.653	0.674782597392973
2.693	0.683198443765334
2.733	0.683198443765334
2.773	0.675984861160452
2.813	0.66456276775269
2.853	0.675383376706693
2.893	0.665765031520172
2.933	0.670574556683453
2.974	0.662158005171051
3.014	0.681395165637453
3.054	0.671776115310893
3.094	0.675984861160452
3.134	0.65734942019449
3.175	0.639916007949326
3.215	0.66275948962481
3.256	0.65734942019449
3.297	0.642921549844687
3.338	0.631500396623644
3.378	0.639916007949326
3.418	0.644724827972568
3.458	0.648933573822127
3.498	0.640516787263046
3.539	0.622482830750843
3.58	0.60805519544772
3.62	0.892996644320819
3.66	0.972948477614994
3.701	1.0192371604664
3.741	1.06672716689857
3.781	1.09257619046942
3.821	1.12624028109891
3.861	1.1761352851594
3.902	1.18815815788088
3.943	1.21761420780084
3.983	1.24586705376661
4.023	1.26931225494254
4.063	1.30598188746738
4.103	1.32702209101499
4.143	1.15208930466975
4.183	1.11301490956326
4.223	1.11181264579578
4.263	1.07694605635214
4.303	1.08476112341078
4.343	1.08235636082914
4.383	1.1027960201097
4.423	1.08716588599242
4.464	1.06432240431693
4.504	1.07153598692181
4.544	1.06552490313109
4.585	1.02344496612925
4.625	1.03847338074609
4.665	1.03847338074609
4.705	1.02164098286133
4.745	1.01442763530312
4.785	1.01442763530312
4.825	1.00420874584956
4.865	1.02765300683877
4.905	1.02765300683877
4.946	1.00480952516328
4.986	1.00480952516328
5.026	0.9975959425584
5.066	1.01863544096596
5.107	0.983769086568996
5.148	1.00180398326792
5.188	0.994589695522999
5.229	0.995191179976758
5.271	0.989781110546438
5.311	0.977758002778275
5.351	0.984971350336478
5.391	0.962729588161432
5.431	0.969342156405914
5.471	0.966937393824273
5.511	0.981966043487797
5.551	0.959122561812311
5.591	0.977157223464555
5.631	0.962729588161432
5.671	0.965134350743073
5.711	0.957319283684431
5.751	0.970544655220073
5.791	0.961527324393952
5.831	0.959122561812311
5.871	0.960324825579792
5.911	0.943493367881748
5.951	0.934475802008947
5.991	0.936880564590586
6.031	0.947701173544589
6.071	0.938083063404747
6.111	0.941689149567149
6.151	0.915840125996303
6.191	0.927863233764466
6.231	0.935076581322666
6.271	0.923053708601185
6.311	0.923655193054944
6.352	0.912834819147623
6.393	0.9032164739611
6.433	0.918845667891663
6.473	0.918245123624622
6.513	0.911632320333462
6.553	0.926059955636584
6.593	0.907424514670621
6.634	0.907424514670621
6.674	0.912834819147623
6.715	0.915239581729262
6.756	0.888788838657976
6.796	0.887586574890497
6.836	0.895401406902459
6.877	0.90261498950734
6.917	0.898406948797818
6.958	0.880973771599335
6.998	0.906822795170181
7.038	0.908025293984341
7.079	0.905621236542741
7.12	0.877367450390254
7.16	0.886384076076337
7.201	0.873760424041133
7.241	0.878569949204414
7.281	0.896603905716619
7.321	0.882777754867255
7.361	0.898406948797818
7.401	0.879170728518134
7.441	0.879170728518134
7.481	0.849714443551489
7.521	0.888188059344256
7.561	0.863540594400852
7.601	0.868950898877854
7.641	0.899609447611979
7.681	0.85512474802849
7.722	0.850316163051929
7.762	0.867147855796653
7.802	0.864743093215013
7.843	0.861136772005931
7.883	0.85632724684265
7.923	0.872557925226975
7.963	0.877367450390254
8.003	0.849714443551489
8.043	0.873760424041133
8.083	0.848512179784009
8.124	0.843703594807448
8.164	0.85392248426101
8.205	0.861136772005931
8.245	0.873760424041133
8.286	0.840698052912087
8.326	0.847309680969849
8.366	0.849113899284448
8.406	0.831680487039286
8.446	0.849113899284448
8.487	0.846709136702808
8.527	0.850316163051929
8.568	0.861136772005931
8.609	0.838293290330447
8.649	0.816652072422442
8.689	0.848512179784009
8.729	0.839495554097927
8.771	0.85271998544685
8.812	0.839495554097927
8.852	0.838293290330447
8.893	0.833483765167166
8.934	0.832882985853446
8.974	0.834085249620925
9.014	0.819056835004082
9.054	0.818455350550323
9.094	0.830478223271805
9.134	0.831680487039286
9.174	0.838293290330447
9.214	0.812444266759601
9.254	0.816050587968683
9.294	0.808837005363801
9.334	0.828073460690165
9.374	0.824467139481083
9.414	0.813045046073322
9.454	0.825067918794803
9.495	0.798016631456478
9.535	0.809437784677521
9.576	0.822663156213164
9.616	0.80763474159632
9.657	0.798016631456478
9.697	0.817252851736162
9.737	0.799218895223959
9.778	0.80763474159632
9.818	0.8070339622826
9.858	0.81003950417796
9.899	0.80823552091004
9.94	0.793207106293197
9.981	0.798016631456478
10.021	0.815449808654961
10.061	0.80402748020052
10.101	0.793207106293197
10.142	0.793808590746958
10.182	0.80823552091004
10.223	0.819657614317802
10.263	0.826870961876004
10.303	0.816652072422442
10.343	0.816652072422442
10.383	0.816050587968683
10.423	0.817252851736162
10.463	0.812444266759601
10.503	0.786594303002037
10.543	0.797414911956038
10.584	0.801623657805599
10.625	0.808837005363801
10.666	0.808837005363801
10.706	0.793808590746958
10.747	0.796213353328598
10.788	0.802224437119319
10.829	0.817252851736162
10.87	0.81003950417796
10.91	0.788398286269957
10.95	0.795011089561117
10.99	0.787196022502476
11.03	0.795611868874838
11.07	0.799218895223959
11.11	0.80643224278216
11.15	0.779380955443835
11.19	0.817854571236603
11.23	0.793808590746958
11.271	0.788398286269957
11.311	0.788398286269957
11.351	0.804629199700959
11.391	0.80402748020052
11.431	0.813045046073322
11.472	0.810640283491682
11.512	0.801623657805599
11.552	0.782987981792956
11.592	0.763751761513272
11.632	0.788398286269957
11.672	0.796213353328598
11.712	0.786594303002037
11.752	0.790201564397837
11.792	0.797414911956038
11.832	0.782386497339195
11.872	0.782987981792956
11.912	0.76134699893163
11.952	0.769762845303993
11.993	0.787796801816196
12.033	0.790803048851597
12.073	0.793808590746958
12.114	0.769762845303993
12.154	0.790201564397837
12.195	0.773369871653114
12.235	0.779380955443835
12.276	0.781785718025475
12.316	0.783588761106676
12.357	0.786594303002037
12.397	0.767358082722351
12.437	0.785993523688315
12.477	0.771565888385194
12.517	0.777577912362634
12.557	0.793808590746958
12.597	0.778780176130115
12.638	0.786594303002037
12.678	0.778780176130115
12.718	0.772167607885633
12.758	0.767959567176112
12.798	0.762549262699111
12.838	0.755936694454629
12.879	0.776976192862193
12.92	0.768560346489832
12.96	0.748722406709708
13.0	0.767959567176112
13.04	0.754132711186709
13.08	0.76014450011747
13.121	0.744514601046867
13.161	0.745116085500627
13.201	0.765554804594471
13.241	0.748722406709708
13.281	0.75533497495419
13.321	0.743312102232707
13.362	0.770965109071472
13.402	0.736700474174945
13.442	0.763751761513272
13.482	0.76014450011747
13.522	0.760745279431191
13.562	0.746919363628509
13.602	0.742711322918987
13.643	0.754132711186709
13.683	0.747520848082268
13.723	0.741509059151507
13.763	0.750526389977628
13.803	0.764352540826992
13.843	0.76134699893163
13.883	0.749924670477189
13.923	0.742711322918987
13.963	0.742110543605267
14.003	0.752329433058829
14.043	0.764352540826992
14.083	0.734295476546626
14.123	0.75773973753583
14.163	0.738503517256146
14.204	0.764352540826992
14.245	0.736098754674506
14.285	0.743913821733147
14.325	0.749324126210148
14.365	0.741509059151507
14.405	0.752329433058829
14.446	0.741509059151507
14.486	0.75894223634999
14.526	0.720469560743941
14.566	0.732491493278704
14.606	0.752329433058829
14.646	0.734295476546626
14.686	0.733093212779145
14.726	0.751728888791788
14.766	0.732491493278704
14.806	0.733093212779145
14.847	0.719867841243503
14.887	0.740306560337347
14.927	0.740908279837786
14.967	0.723475102639303
15.007	0.748722406709708
15.047	0.732491493278704
15.087	0.739705781023627
15.127	0.746919363628509
15.168	0.7126544936853
15.209	0.716260814894382
15.251	0.724075881953023
15.291	0.746919363628509
15.331	0.718665577476021
15.371	0.726480644534664
15.411	0.709648951789941
15.451	0.704238647312939
15.491	0.710249731103661
15.531	0.735497975360785
15.571	0.744514601046867
15.611	0.728283687615863
15.651	0.743312102232707
15.691	0.737301018441986
15.731	0.741509059151507
15.771	0.735497975360785
15.812	0.71145199487114
15.852	0.738503517256146
15.893	0.721671119371383
15.933	0.724677366406784
15.973	0.734295476546626
16.013	0.700631620963818
16.053	0.716260814894382
16.093	0.727081188801705
16.133	0.716862299348141
16.173	0.718064798162302
16.213	0.71085051041738
16.253	0.71325527299902
16.293	0.734295476546626
16.333	0.717463078661861
16.374	0.70604192544082
16.414	0.704238647312939
16.455	0.733693992092865
16.496	0.723475102639303
16.536	0.725879865220942
16.576	0.716862299348141
16.616	0.695221316486817
16.656	0.714457536766501
16.696	0.690411791323536
16.736	0.698226858382177
16.776	0.7126544936853
16.816	0.722272603825142
16.856	0.727081188801705
16.896	0.709648951789941
16.936	0.703036383545458
16.977	0.698828342835938
17.017	0.695822095800537
17.057	0.688007028741896
17.098	0.7126544936853
17.139	0.707844968522019
17.179	0.705440205940379
17.219	0.7126544936853
17.259	0.696423580254297
17.299	0.707844968522019
17.339	0.692816553905177
17.379	0.710249731103661
17.419	0.689209292509376
17.459	0.697024359568018
17.499	0.715059256266942
17.54	0.689209292509376
17.58	0.686805470114455
17.62	0.708446688022459
17.66	0.694018817672657
17.701	0.684400707532815
17.741	0.699429122149658
17.781	0.678388683555373
17.821	0.689811012009816
17.861	0.689209292509376
17.901	0.697024359568018
17.941	0.701232400277538
17.981	0.697024359568018
18.021	0.697626079068457
18.061	0.696423580254297
18.101	0.681395165637453
18.141	0.701833884731298
18.181	0.7090472322895
18.221	0.701232400277538
18.261	0.700631620963818
18.301	0.701833884731298
18.341	0.70243466404502
18.381	0.700029901463378
18.422	0.698226858382177
18.462	0.674782597392973
18.502	0.683798988032374
18.542	0.695221316486817
18.583	0.70243466404502
18.623	0.691614055091017
18.663	0.707244189208299
18.703	0.689209292509376
18.744	0.703637162859178
18.784	0.70243466404502
18.824	0.677186419787894
18.864	0.707244189208299
18.904	0.678388683555373
18.944	0.688007028741896
18.984	0.677788139288334
19.024	0.667568309648052
19.064	0.671175335997173
19.104	0.689811012009816
19.144	0.695822095800537
19.184	0.689209292509376
19.224	0.674180877892532
19.264	0.686203750614016
19.304	0.666365810833891
19.344	0.685603206346975
19.385	0.672978614125053
19.425	0.683198443765334
19.465	0.665765031520172
19.506	0.677788139288334
19.547	0.665765031520172
19.587	0.644724827972568
19.627	0.66336026893853
19.667	0.657949964461531
19.708	0.665765031520172
19.748	0.665765031520172
19.788	0.66336026893853
19.829	0.66456276775269
19.869	0.66456276775269
19.909	0.659152463275689
19.95	0.650135132449569
19.99	0.666365810833891
20.03	0.666365810833891
20.07	0.66275948962481
20.111	0.642320770530966
20.151	0.642320770530966
20.192	0.649534353135847
20.232	0.639916007949326
20.272	0.66095550635689
20.313	0.66456276775269
20.353	0.653141379484968
20.393	0.668770573415531
20.433	0.655545201879889
20.473	0.66336026893853
20.513	0.662158005171051
20.553	0.672377834811333
20.593	0.669372292915972
20.633	0.665765031520172
20.675	0.666365810833891
20.715	0.661557225857331
20.756	0.653141379484968
20.796	0.666365810833891
20.837	0.66456276775269
20.877	0.654944657612848
20.918	0.673580098578813
20.958	0.669973072229692
20.999	0.672377834811333
21.039	0.657949964461531
21.08	0.66456276775269
21.12	0.656747700694049
21.16	0.650736616903328
21.2	0.669372292915972
21.241	0.680793446137015
21.281	0.66095550635689
21.321	0.658551683961969
21.361	0.650135132449569
21.401	0.656747700694049
21.441	0.65975418277613
21.481	0.654944657612848
21.522	0.675383376706693
21.562	0.662158005171051
21.602	0.65734942019449
21.642	0.644124048658846
21.683	0.656747700694049
21.723	0.648331854321687
21.763	0.65975418277613
21.805	0.648331854321687
21.845	0.674782597392973
21.886	0.654944657612848
21.926	0.646528811240487
21.966	0.647129590554207
22.006	0.647731075007967
22.046	0.656747700694049
22.087	0.652539895031209
22.127	0.650736616903328
22.168	0.661557225857331
22.208	0.653742158798688
22.248	0.637511245367686
22.288	0.644124048658846
22.328	0.636308981600205
22.368	0.645326312426327
22.409	0.644124048658846
22.451	0.640516787263046
22.491	0.656747700694049
22.531	0.646528811240487
22.571	0.616471982006801
22.611	0.636910701100645
22.652	0.634505938519004
22.692	0.630297897809484
22.732	0.650135132449569
22.772	0.637511245367686
22.812	0.633303439704845
22.852	0.630898677123204
22.892	0.632702660391124
22.932	0.634505938519004
22.972	0.647129590554207
23.012	0.647129590554207
23.052	0.632702660391124
23.092	0.629696413355724
23.132	0.613465499924721
23.173	0.630297897809484
23.213	0.642921549844687
23.254	0.635708202286485
23.294	0.641719286077206
23.335	0.650736616903328
23.376	0.648331854321687
23.416	0.648331854321687
23.457	0.644724827972568
23.497	0.632702660391124
23.538	0.644724827972568
23.578	0.642320770530966
23.618	0.653742158798688
23.658	0.642921549844687
23.698	0.645326312426327
23.738	0.641118506763486
23.778	0.61166245684352
23.818	0.625488372646203
23.858	0.666967530334332
23.899	0.647129590554207
23.939	0.658551683961969
23.981	0.639916007949326
24.021	0.639916007949326
24.061	0.627893135227844
24.101	0.645326312426327
24.141	0.648331854321687
24.181	0.66456276775269
24.221	0.645927091740047
24.261	0.619477288855481
24.301	0.629095634042003
24.341	0.624286108878723
24.381	0.620078068169201
24.421	0.627893135227844
24.461	0.633303439704845
24.501	0.60925769426188
24.541	0.651337396217048
24.581	0.636910701100645
24.621	0.627893135227844
24.661	0.643523269345126
24.701	0.633303439704845
24.741	0.644124048658846
24.781	0.629095634042003
24.821	0.629696413355724
24.861	0.632101175937364
24.901	0.614067219425159
24.941	0.632702660391124
24.981	0.619477288855481
25.022	0.626090092146643
25.062	0.627292355914122
25.102	0.629095634042003
25.142	0.629696413355724
25.182	0.638112964868125
25.222	0.60925769426188
25.262	0.625488372646203
25.302	0.626090092146643
25.342	0.6146677636922
25.382	0.638112964868125
25.422	0.617072526273842
25.462	0.626690871460363
25.503	0.616471982006801
25.544	0.612864720611001
25.585	0.629095634042003
25.625	0.617673305587562
25.665	0.616471982006801
25.705	0.639916007949326
25.745	0.621280566983362
25.786	0.627893135227844
25.826	0.614067219425159
25.866	0.624286108878723
25.906	0.641719286077206
25.947	0.602044111656998
25.987	0.618275025088002
26.027	0.624286108878723
26.068	0.605049653552358
26.108	0.596633807179997
26.148	0.6146677636922
26.189	0.60805519544772
26.229	0.603246610471159
26.269	0.616471982006801
26.309	0.616471982006801
26.349	0.617673305587562
26.39	0.615870262506361
26.43	0.615870262506361
26.471	0.607454416134
26.511	0.602644890970718
26.551	0.607454416134
26.591	0.596032322726238
26.631	0.596032322726238
26.671	0.607454416134
26.711	0.615269483192641
26.751	0.591223737749675
26.791	0.591223737749675
26.832	0.60865691494816
26.872	0.597836305994157
26.912	0.620078068169201
26.952	0.613465499924721
26.992	0.6146677636922
27.032	0.614067219425159
27.073	0.624887593332483
27.114	0.615870262506361
27.154	0.616471982006801
27.194	0.620078068169201
27.235	0.605651373052798
27.276	0.603847389784879
27.316	0.595431543412516
27.356	0.622482830750843
27.397	0.599038569761637
27.437	0.618275025088002
27.478	0.594830764098796
27.519	0.595431543412516
27.559	0.607454416134
27.599	0.606852696633559
27.639	0.596633807179997
27.679	0.601442627203237
27.719	0.619477288855481
27.759	0.604448874238638
27.799	0.605651373052798
27.839	0.587015697040155
27.879	0.581605392563154
27.919	0.600241068575797
27.959	0.603246610471159
27.999	0.6146677636922
28.039	0.594229044598356
28.079	0.606852696633559
28.119	0.596032322726238
28.159	0.602044111656998
28.199	0.587616476353875
28.239	0.595431543412516
28.279	0.592426001517156
28.319	0.606252152366519
28.359	0.600241068575797
28.4	0.590622018249237
28.441	0.623083610064563
28.481	0.582206171876874
28.521	0.594229044598356
28.561	0.596032322726238
28.601	0.596633807179997
28.641	0.604448874238638
28.681	0.593026780830876
28.721	0.594830764098796
28.761	0.574992824318672
28.801	0.577998366214033
28.841	0.574391104818233
28.881	0.591223737749675
28.921	0.587015697040155
28.961	0.579801409295234
29.001	0.581003908109395
29.042	0.578599850667793
29.083	0.597234586493717
29.123	0.595431543412516
29.163	0.595431543412516
29.203	0.584010155144794
29.243	0.597234586493717
29.283	0.585813433272674
29.323	0.578599850667793
29.363	0.590622018249237
29.403	0.574391104818233
29.443	0.620679787669642
29.483	0.586413977539715
29.523	0.604448874238638
29.563	0.591223737749675
29.603	0.586413977539715
29.644	0.602644890970718
29.685	0.599639349075357
29.726	0.590021238935515
29.766	0.585813433272674
29.806	0.588818740121356
29.846	0.573188841050752
29.886	0.596032322726238
29.926	0.585813433272674
29.966	0.600241068575797
30.007	0.594830764098796
30.047	0.571987282423312
30.088	0.596633807179997
30.128	0.580403128795673
30.168	0.601442627203237
30.209	0.585211713772235
30.249	0.595431543412516
30.289	0.596032322726238
30.329	0.580403128795673
30.369	0.596633807179997
30.409	0.588818740121356
30.449	0.584610934458514
30.489	0.588818740121356
30.529	0.578599850667793
30.569	0.56357049586423
30.611	0.575593603632393
30.651	0.578599850667793
30.691	0.570784783609152
30.731	0.596032322726238
30.771	0.570784783609152
30.811	0.56056518901555
30.851	0.589420459621795
30.891	0.575593603632393
30.931	0.570183299155392
30.971	0.580403128795673
31.012	0.583408670691034
31.052	0.564172215364671
31.092	0.547339817479906
31.132	0.585211713772235
31.172	0.577998366214033
31.212	0.587015697040155
31.253	0.577998366214033
31.293	0.576795867399873
31.333	0.56056518901555
31.373	0.564772994678391
31.413	0.570183299155392
31.453	0.576795867399873
31.493	0.571987282423312
31.533	0.576195088086153
31.573	0.579801409295234
31.613	0.581605392563154
31.654	0.587015697040155
31.694	0.582206171876874
31.735	0.559964409701828
31.776	0.56958251984167
31.816	0.577397586900313
31.856	0.576795867399873
31.897	0.587616476353875
31.937	0.590021238935515
31.977	0.564172215364671
32.018	0.570183299155392
32.059	0.574992824318672
32.099	0.570183299155392
32.139	0.587616476353875
32.179	0.589420459621795
32.219	0.570784783609152
32.259	0.567177757260031
32.299	0.574391104818233
32.339	0.552750121956907
32.379	0.568380021027512
32.419	0.56958251984167
32.459	0.580403128795673
32.499	0.577397586900313
32.54	0.567177757260031
32.58	0.55936269020139
32.62	0.546137318665747
32.66	0.56357049586423
32.7	0.571987282423312
32.741	0.561767452783029
32.781	0.566576977946311
32.821	0.557559647120189
32.861	0.554554105224829
32.901	0.541929513002905
32.941	0.555756368992308
32.981	0.564772994678391
33.021	0.561166673469309
33.061	0.552750121956907
33.101	0.557559647120189
33.142	0.564172215364671
33.182	0.552149342643187
33.222	0.553351606410668
33.262	0.55876191088767
33.302	0.56597525844587
33.342	0.562368232096749
33.382	0.570784783609152
33.422	0.570183299155392
33.462	0.561166673469309
33.502	0.570784783609152
33.542	0.575593603632393
33.582	0.556357148306028
33.622	0.564772994678391
33.662	0.566576977946311
33.702	0.573188841050752
33.742	0.55936269020139
33.782	0.56056518901555
33.822	0.550946843829027
33.863	0.56296995159719
33.903	0.579200629981512
33.944	0.597836305994157
33.984	0.582807891377314
34.024	0.567778536573751
34.065	0.564772994678391
34.105	0.56296995159719
34.145	0.570183299155392
34.186	0.579801409295234
34.226	0.578599850667793
34.266	0.578599850667793
34.306	0.570183299155392
34.346	0.56537471417883
34.386	0.573790325504513
34.426	0.548542081247387
34.466	0.543131776770386
34.507	0.566576977946311
34.547	0.543131776770386
34.587	0.561767452783029
34.627	0.567177757260031
34.667	0.540126469921706
34.707	0.546137318665747
34.747	0.541929513002905
34.788	0.568980800341232
34.829	0.567177757260031
34.869	0.548542081247387
34.909	0.564172215364671
34.949	0.550946843829027
34.989	0.553351606410668
35.029	0.533513666630544
35.071	0.56537471417883
35.111	0.56537471417883
35.151	0.56537471417883
35.191	0.56056518901555
35.231	0.541328733689185
35.271	0.548542081247387
35.311	0.548542081247387
35.351	0.544935995084985
35.391	0.548542081247387
35.431	0.534716165444704
35.471	0.544935995084985
35.511	0.534115386130984
35.551	0.531108904048904
35.591	0.546739038166186
35.632	0.546739038166186
35.672	0.537120928026344
35.712	0.537120928026344
35.752	0.542531232503345
35.792	0.537721707340064
35.833	0.511271904455499
35.873	0.523294777176982
35.913	0.537120928026344
35.953	0.527502582839823
35.994	0.525097820258181
36.034	0.539525690607986
36.074	0.537721707340064
36.114	0.537120928026344
36.154	0.537120928026344
36.194	0.544935995084985
36.234	0.535918429212184
36.275	0.548542081247387
36.316	0.521490793909062
36.356	0.531710623549343
36.396	0.521490793909062
36.437	0.535918429212184
36.478	0.529305860967703
36.519	0.535918429212184
36.559	0.514877990617901
36.6	0.520890014595341
36.641	0.528103362153543
36.681	0.535918429212184
36.721	0.531108904048904
36.761	0.535316709711745
36.801	0.535316709711745
36.841	0.516080489432061
36.881	0.532311402863063
36.921	0.528705081653983
36.961	0.519086031327421
37.001	0.529906640281423
37.041	0.538323191793825
37.081	0.51427744635086
37.121	0.51367572685042
37.161	0.51187268376922
37.201	0.519086031327421
37.241	0.526901098386063
37.281	0.537721707340064
37.321	0.534115386130984
37.361	0.523294777176982
37.401	0.532311402863063
37.441	0.528705081653983
37.481	0.540126469921706
37.521	0.555154884538549
37.561	0.534115386130984
37.602	0.528705081653983
37.642	0.535918429212184
37.682	0.544935995084985
37.722	0.547339817479906
37.762	0.540727014188746
37.802	0.541328733689185
37.842	0.538323191793825
37.883	0.5166822089325
37.923	0.525698599571903
37.964	0.531710623549343
38.005	0.538323191793825
38.045	0.550946843829027
38.085	0.534115386130984
38.126	0.564172215364671
38.166	0.537721707340064
38.207	0.547339817479906
38.247	0.547339817479906
38.287	0.533513666630544
38.328	0.551547623142749
38.368	0.537721707340064
38.408	0.543131776770386
38.448	0.549744580061548
38.488	0.534115386130984
38.528	0.532311402863063
38.568	0.541929513002905
38.609	0.543733496270826
38.65	0.545536539352026
38.691	0.554554105224829
38.731	0.546137318665747
38.771	0.538323191793825
38.811	0.531710623549343
38.851	0.531710623549343
38.891	0.526300319072342
38.931	0.538923971107545
38.971	0.532311402863063
39.011	0.535316709711745
39.051	0.520288295094902
39.091	0.539525690607986
39.131	0.529906640281423
39.171	0.533513666630544
39.211	0.529305860967703
39.251	0.537721707340064
39.291	0.528103362153543
39.331	0.522693057676542
39.371	0.528103362153543
39.411	0.537721707340064
39.451	0.525097820258181
39.491	0.525698599571903
39.531	0.526901098386063
39.571	0.527502582839823
39.611	0.523895556490702
39.651	0.514877990617901
39.691	0.533513666630544
39.731	0.526300319072342
39.771	0.540727014188746
39.811	0.525097820258181
39.851	0.540126469921706
39.891	0.531710623549343
39.931	0.535918429212184
39.971	0.520288295094902
40.011	0.546137318665747
40.051	0.51427744635086
40.092	0.549143800747828
40.132	0.51247416822298
40.172	0.537721707340064
40.212	0.538923971107545
40.253	0.535918429212184
40.293	0.542531232503345
40.333	0.523294777176982
40.373	0.524496335804422
40.413	0.539525690607986
40.453	0.549744580061548
40.493	0.55936269020139
40.533	0.541929513002905
40.573	0.523895556490702
40.613	0.540126469921706
40.653	0.543733496270826
40.693	0.544334275584546
40.733	0.522092513409501
40.774	0.534716165444704
40.815	0.537120928026344
40.855	0.528705081653983
40.895	0.509467921187579
40.935	0.518485252013701
40.977	0.532311402863063
41.017	0.545536539352026
41.057	0.535918429212184
41.097	0.5130749475367
41.137	0.5166822089325
41.178	0.527502582839823
41.218	0.547339817479906
41.258	0.528705081653983
41.298	0.521490793909062
41.339	0.51067018495506
41.381	0.536519208525905
41.421	0.517884472699981
41.461	0.529305860967703
41.501	0.520890014595341
41.542	0.518485252013701
41.582	0.523895556490702
41.622	0.51427744635086
41.662	0.526901098386063
41.703	0.5130749475367
41.743	0.530508124735183
41.783	0.51067018495506
41.823	0.502855117896417
41.863	0.51367572685042
41.903	0.518485252013701
41.943	0.522092513409501
41.983	0.527502582839823
42.023	0.51367572685042
42.064	0.505259880478059
42.104	0.517884472699981
42.145	0.519687750827861
42.185	0.51427744635086
42.225	0.528705081653983
42.266	0.501653794315656
42.306	0.528103362153543
42.346	0.5166822089325
42.387	0.502254338582697
42.427	0.505861599978497
42.467	0.522092513409501
42.507	0.51367572685042
42.548	0.522092513409501
42.589	0.506462379292219
42.631	0.507063863745978
42.671	0.510069405641338
42.711	0.508265422373418
42.751	0.508867141873859
42.791	0.51427744635086
42.831	0.522693057676542
42.871	0.510069405641338
42.912	0.501052074815218
42.952	0.51367572685042
42.993	0.520890014595341
43.033	0.520890014595341
43.073	0.499849576001057
43.114	0.516080489432061
43.154	0.516080489432061
43.194	0.501052074815218
43.234	0.501052074815218
43.274	0.492636228442855
43.315	0.51728275319954
43.355	0.500451295501496
43.396	0.499248796687337
43.436	0.51728275319954
43.477	0.500451295501496
43.517	0.499849576001057
43.557	0.515479710118339
43.597	0.509467921187579
43.638	0.523294777176982
43.678	0.508867141873859
43.718	0.506462379292219
43.758	0.495641770338217
43.799	0.488428422780014
43.839	0.508265422373418
43.88	0.5166822089325
43.921	0.5130749475367
43.961	0.496844034105696
44.001	0.515479710118339
44.041	0.498046532919856
44.081	0.508265422373418
44.121	0.498046532919856
44.161	0.520288295094902
44.201	0.490833185361654
44.241	0.518485252013701
44.281	0.51247416822298
44.321	0.492034508942416
44.361	0.506462379292219
44.401	0.510069405641338
44.441	0.505259880478059
44.481	0.514877990617901
44.521	0.523294777176982
44.561	0.519086031327421
44.601	0.530508124735183
44.641	0.475203051244372
44.682	0.480012576407653
44.722	0.51187268376922
44.762	0.504659101164339
44.802	0.51247416822298
44.842	0.495641770338217
44.882	0.5166822089325
44.922	0.525698599571903
44.962	0.493237007756575
45.002	0.496844034105696
45.042	0.493838727257015
45.082	0.487225923965854
45.122	0.499248796687337
45.162	0.508867141873859
45.202	0.504659101164339
45.242	0.480613355721373
45.282	0.494439271524056
45.322	0.477006094325573
45.362	0.511271904455499
45.402	0.489029202093734
45.442	0.494439271524056
45.482	0.495040991024497
45.522	0.486624439512094
45.562	0.480012576407653
45.602	0.484821161384214
45.643	0.480613355721373
45.684	0.509467921187579
45.724	0.495641770338217
45.764	0.494439271524056
45.805	0.495641770338217
45.846	0.493838727257015
45.886	0.507664643059698
45.926	0.488428422780014
45.967	0.502855117896417
46.008	0.499849576001057
46.048	0.489029202093734
46.088	0.501653794315656
46.128	0.492636228442855
46.168	0.495040991024497
46.208	0.480012576407653
46.248	0.493838727257015
46.289	0.498046532919856
46.33	0.497444813419416
46.371	0.481214135035093
46.411	0.493838727257015
46.451	0.498046532919856
46.491	0.480012576407653
46.531	0.487225923965854
46.571	0.480613355721373
46.611	0.511271904455499
46.652	0.504057616710577
46.692	0.497444813419416
46.732	0.498046532919856
46.772	0.483618897616733
46.812	0.495641770338217
46.852	0.490231465861215
46.892	0.481815619488853
46.932	0.493838727257015
46.972	0.511271904455499
47.012	0.483618897616733
47.052	0.478810077593493
47.092	0.489630686547495
47.134	0.487826703279574
47.175	0.493237007756575
47.215	0.489630686547495
47.255	0.486624439512094
47.295	0.496243489838655
47.335	0.498647312233576
47.375	0.479410856907213
47.416	0.477006094325573
47.456	0.485422880884653
47.496	0.498647312233576
47.537	0.506462379292219
47.577	0.478208593139732
47.617	0.467387984185731
47.657	0.504659101164339
47.697	0.496844034105696
47.737	0.484220382070494
47.778	0.504057616710577
47.818	0.490231465861215
47.858	0.494439271524056
47.899	0.496243489838655
47.939	0.491433964675376
47.979	0.472798288662731
48.019	0.484220382070494
48.059	0.481815619488853
48.099	0.501052074815218
48.14	0.492636228442855
48.181	0.482416398802573
48.221	0.508265422373418
48.261	0.497444813419416
48.301	0.46197767970873
48.341	0.481214135035093
48.381	0.485422880884653
48.421	0.482416398802573
48.461	0.470995245581531
48.501	0.475803830558092
48.542	0.479410856907213
48.582	0.46798970368617
48.622	0.487826703279574
48.662	0.51367572685042
48.702	0.489029202093734
48.742	0.478810077593493
48.782	0.478810077593493
48.822	0.474000552430212
48.862	0.493838727257015
48.902	0.474000552430212
48.942	0.462579399209169
48.982	0.466787204872009
49.022	0.456567375231729
49.062	0.475803830558092
49.102	0.486624439512094
49.142	0.472798288662731
49.182	0.470995245581531
49.222	0.474602271930652
49.262	0.459572917127088
49.302	0.479410856907213
49.342	0.46438244229037
49.382	0.471595789848572
49.422	0.46438244229037
49.462	0.474602271930652
49.502	0.471595789848572
49.542	0.46438244229037
49.582	0.474602271930652
49.622	0.494439271524056
49.663	0.479410856907213
49.703	0.473400008163171
49.744	0.454764332150528
49.784	0.484821161384214
49.825	0.478810077593493
49.865	0.46618572041825
49.906	0.482416398802573
49.946	0.478208593139732
49.986	0.470995245581531
50.026	0.46438244229037
50.066	0.477607813826012
50.106	0.440336696847404
50.147	0.477607813826012
50.187	0.469792746767371
50.228	0.472197509349011
50.268	0.46438244229037
50.308	0.467387984185731
50.349	0.469792746767371
50.389	0.452960348882608
50.429	0.463180178522889
50.469	0.466787204872009
50.509	0.473400008163171
50.549	0.479410856907213
50.59	0.489630686547495
50.63	0.470995245581531
50.671	0.46798970368617
50.711	0.479410856907213
50.751	0.481214135035093
50.792	0.46558494110453
50.832	0.481214135035093
50.872	0.478208593139732
50.912	0.470393526081091
50.952	0.46197767970873
50.992	0.456567375231729
51.032	0.472197509349011
51.073	0.476405315011852
51.113	0.46498322160409
51.153	0.473400008163171
51.193	0.455365111464248
51.233	0.473400008163171
51.273	0.451157070754727
51.313	0.46498322160409
51.353	0.46859048299989
51.393	0.472798288662731
51.434	0.477607813826012
51.474	0.472798288662731
51.514	0.451758790255166
51.555	0.475203051244372
51.596	0.469792746767371
51.636	0.469792746767371
51.676	0.480012576407653
51.716	0.469792746767371
51.757	0.460775415941249
51.797	0.46438244229037
51.837	0.451157070754727
51.878	0.479410856907213
51.918	0.46798970368617
51.959	0.469792746767371
51.999	0.469191967453651
52.039	0.471595789848572
52.079	0.488428422780014
52.119	0.460775415941249
52.159	0.482416398802573
52.2	0.469191967453651
52.24	0.475203051244372
52.28	0.492034508942416
52.321	0.478810077593493
52.361	0.476405315011852
52.401	0.46859048299989
52.441	0.475203051244372
52.481	0.478208593139732
52.521	0.452960348882608
52.561	0.457169094732167
52.601	0.463180178522889
52.641	0.460775415941249
52.681	0.448151763906045
52.721	0.457169094732167
52.761	0.458370653359609
52.801	0.463180178522889
52.841	0.452359569568888
52.881	0.46197767970873
52.921	0.457169094732167
52.961	0.451758790255166
53.001	0.462579399209169
53.041	0.430117807393842
53.081	0.445146222010686
53.121	0.450556526487687
53.161	0.440938181301164
53.201	0.444544502510245
53.241	0.439735917533684
53.281	0.428915308579682
53.321	0.434325613056683
53.361	0.440336696847404
53.401	0.447550044405607
53.441	0.437331154952045
53.481	0.439735917533684
53.521	0.446949265091887
53.561	0.454162612650087
53.601	0.438533418719524
53.641	0.462579399209169
53.681	0.445146222010686
53.721	0.46859048299989
53.761	0.455966595918007
53.801	0.489029202093734
53.841	0.459572917127088
53.881	0.472197509349011
53.921	0.46197767970873
53.961	0.467387984185731
54.001	0.472798288662731
54.041	0.475803830558092
54.081	0.462579399209169
54.121	0.451157070754727
54.161	0.481214135035093
54.201	0.482416398802573
54.242	0.470393526081091
54.282	0.46859048299989
54.322	0.488428422780014
54.362	0.497444813419416
54.403	0.455966595918007
54.443	0.475203051244372
54.483	0.470393526081091
54.524	0.458370653359609
54.565	0.473400008163171
54.606	0.467387984185731
54.647	0.466787204872009
54.687	0.471595789848572
54.727	0.450556526487687
54.767	0.46558494110453
54.807	0.455966595918007
54.847	0.449354027673526
54.887	0.46438244229037
54.927	0.459572917127088
54.968	0.46859048299989
55.009	0.487225923965854
55.049	0.458370653359609
55.09	0.46438244229037
55.13	0.446348485778165
55.17	0.46798970368617
55.21	0.457769874045889
55.25	0.466787204872009
55.29	0.488428422780014
55.331	0.475203051244372
55.371	0.458972137813368
55.411	0.477006094325573
55.451	0.482416398802573
55.491	0.489029202093734
55.531	0.476405315011852
55.571	0.487225923965854
55.611	0.46618572041825
55.651	0.476405315011852
55.691	0.481815619488853
55.732	0.466787204872009
55.772	0.471595789848572
55.812	0.467387984185731
55.852	0.484220382070494
55.892	0.485422880884653
55.932	0.457169094732167
55.972	0.481214135035093
56.012	0.46798970368617
56.052	0.46618572041825
56.092	0.470995245581531
56.132	0.457169094732167
56.173	0.483018118303013
56.213	0.477607813826012
56.254	0.442139739928605
56.295	0.455966595918007
56.337	0.454764332150528
56.377	0.457169094732167
56.417	0.443943723196525
56.457	0.459572917127088
56.497	0.439134198033244
56.537	0.445746766277726
56.578	0.445746766277726
56.619	0.434325613056683
56.659	0.46798970368617
56.699	0.455966595918007
56.739	0.443342003696085
56.779	0.452359569568888
56.819	0.467387984185731
56.859	0.457769874045889
56.899	0.444544502510245
56.939	0.466787204872009
56.981	0.467387984185731
57.021	0.471595789848572
57.061	0.46438244229037
57.101	0.474602271930652
57.141	0.455966595918007
57.181	0.473400008163171
57.221	0.436128656137884
57.261	0.455966595918007
57.301	0.458370653359609
57.342	0.448752308173086
57.383	0.469792746767371
57.423	0.457769874045889
57.464	0.455966595918007
57.504	0.445146222010686
57.544	0.452960348882608
57.584	0.462579399209169
57.625	0.449954806987246
57.665	0.470393526081091
57.705	0.454162612650087
57.745	0.458972137813368
57.786	0.449954806987246
57.827	0.447550044405607
57.868	0.461376900395008
57.908	0.46197767970873
57.948	0.458370653359609
57.988	0.453561833336367
58.028	0.430117807393842
58.068	0.438533418719524
58.108	0.434325613056683
58.148	0.447550044405607
58.188	0.455365111464248
58.229	0.445746766277726
58.271	0.442139739928605
58.311	0.433123114242523
58.351	0.437931934265765
58.391	0.434325613056683
58.431	0.442139739928605
58.471	0.451157070754727
58.511	0.453561833336367
58.551	0.442139739928605
58.591	0.456567375231729
58.631	0.457169094732167
58.671	0.442741459429046
58.711	0.435527876824164
58.751	0.454162612650087
58.791	0.428313589079242
58.831	0.425308047183882
58.871	0.436128656137884
58.911	0.445746766277726
58.951	0.428313589079242
58.991	0.425908826497602
59.031	0.437931934265765
59.071	0.430117807393842
59.111	0.459572917127088
59.151	0.424707502916841
59.191	0.457169094732167
59.231	0.437931934265765
59.271	0.41749321517192
59.311	0.429516087893402
59.351	0.447550044405607
59.391	0.446348485778165
59.431	0.449954806987246
59.471	0.452359569568888
59.511	0.437331154952045
59.551	0.441538960614885
59.591	0.424707502916841
59.631	0.433123114242523
59.671	0.446348485778165
59.711	0.433723893556243
59.752	0.427111325311762
59.792	0.443342003696085
59.832	0.434926392370403
59.872	0.438533418719524
59.912	0.421701020834761
59.952	0.443943723196525
59.993	0.427111325311762
60.033	0.429516087893402
60.073	0.446949265091887
60.113	0.434926392370403
60.154	0.435527876824164
60.195	0.427712809765522
60.235	0.424707502916841
60.275	0.439735917533684
60.315	0.448151763906045
60.355	0.434325613056683
60.396	0.41749321517192
60.437	0.423505004102681
60.477	0.423505004102681
60.517	0.427111325311762
60.557	0.427111325311762
60.597	0.441538960614885
60.637	0.427712809765522
60.677	0.41929719843984
60.718	0.432521629788763
60.758	0.4186954789394
60.799	0.434325613056683
60.839	0.423505004102681
60.879	0.427712809765522
60.919	0.433123114242523
60.961	0.427712809765522
61.001	0.425308047183882
61.041	0.421701020834761
61.081	0.441538960614885
61.121	0.445146222010686
61.161	0.433123114242523
61.201	0.446348485778165
61.242	0.455365111464248
61.282	0.424105783416401
61.322	0.424105783416401
61.362	0.432521629788763
61.402	0.41749321517192
61.442	0.409077368799558
61.482	0.424105783416401
61.522	0.430117807393842
61.562	0.443943723196525
61.602	0.41989797775356
61.642	0.420498522020601
61.682	0.425908826497602
61.723	0.41929719843984
61.763	0.431319130974603
61.803	0.421100241521041
61.844	0.41568993704404
61.884	0.41568993704404
61.924	0.4168924358582
61.965	0.433723893556243
62.006	0.436128656137884
62.047	0.433723893556243
62.087	0.422903284602242
62.127	0.429516087893402
62.167	0.447550044405607
62.207	0.427111325311762
62.247	0.413886893962839
62.288	0.442139739928605
62.328	0.429516087893402
62.368	0.447550044405607
62.408	0.442139739928605
62.448	0.427111325311762
62.488	0.420498522020601
62.528	0.41929719843984
62.568	0.407874869985399
62.608	0.440336696847404
62.648	0.431319130974603
62.689	0.424707502916841
62.729	0.423505004102681
62.771	0.413886893962839
62.811	0.437331154952045
62.852	0.420498522020601
62.892	0.422903284602242
62.932	0.4186954789394
62.972	0.41749321517192
63.012	0.410279632567039
63.052	0.434926392370403
63.092	0.436128656137884
63.132	0.428313589079242
63.172	0.427111325311762
63.212	0.402464565508398
63.252	0.41629071635776
63.292	0.421701020834761
63.332	0.439134198033244
63.372	0.409077368799558
63.412	0.4168924358582
63.453	0.413886893962839
63.493	0.431920850475043
63.533	0.41629071635776
63.573	0.436729435451604
63.613	0.414487673276559
63.653	0.440336696847404
63.693	0.421701020834761
63.733	0.428313589079242
63.773	0.436729435451604
63.813	0.431319130974603
63.853	0.432521629788763
63.893	0.443342003696085
63.933	0.420498522020601
63.973	0.401262301740917
64.013	0.412684395148678
64.053	0.421100241521041
64.093	0.41629071635776
64.133	0.433123114242523
64.173	0.431920850475043
64.213	0.444544502510245
64.253	0.431319130974603
64.293	0.409678148113279
64.333	0.41508845259028
64.373	0.442741459429046
64.413	0.452359569568888
64.453	0.448151763906045
64.493	0.433123114242523
64.533	0.443943723196525
64.573	0.41929719843984
64.613	0.429516087893402
64.653	0.4186954789394
64.693	0.430117807393842
64.733	0.413886893962839
64.773	0.4186954789394
64.813	0.413285174462398
64.853	0.423505004102681
64.893	0.391644191601074
64.933	0.393447234682276
64.973	0.412684395148678
65.013	0.407874869985399
65.053	0.420498522020601
65.093	0.421701020834761
65.133	0.412684395148678
65.173	0.391644191601074
65.213	0.398256759845557
65.253	0.421100241521041
65.294	0.41568993704404
65.334	0.425908826497602
65.375	0.399459258659715
65.415	0.404267843636278
65.456	0.406071826904198
65.496	0.4186954789394
65.537	0.403667064322556
65.577	0.406672606217918
65.617	0.430718351660883
65.657	0.405470107403757
65.697	0.409077368799558
65.737	0.4168924358582
65.778	0.406071826904198
65.819	0.402464565508398
65.859	0.400059802926756
65.901	0.409077368799558
65.941	0.421701020834761
65.981	0.429516087893402
66.022	0.408476589485838
66.062	0.404267843636278
66.102	0.41508845259028
66.143	0.412082910694919
66.184	0.410279632567039
66.224	0.41749321517192
66.265	0.407874869985399
66.305	0.404869328090037
66.346	0.406672606217918
66.386	0.397655980531835
66.426	0.402464565508398
66.466	0.404267843636278
66.506	0.412082910694919
66.546	0.406672606217918
66.586	0.421701020834761
66.626	0.420498522020601
66.666	0.389239429019435
66.707	0.436729435451604
66.747	0.412082910694919
66.787	0.414487673276559
66.827	0.41568993704404
66.867	0.41989797775356
66.907	0.413285174462398
66.947	0.412684395148678
66.987	0.401262301740917
67.027	0.401864021241357
67.067	0.427712809765522
67.107	0.425908826497602
67.147	0.427111325311762
67.187	0.41929719843984
67.228	0.421701020834761
67.269	0.41809469962568
67.309	0.406672606217918
67.35	0.4186954789394
67.39	0.413285174462398
67.43	0.405470107403757
67.47	0.4168924358582
67.51	0.396453716764356
67.551	0.405470107403757
67.591	0.392846455368556
67.631	0.400661522427197
67.671	0.396453716764356
67.711	0.409077368799558
67.752	0.422302740335201
67.792	0.397054496078076
67.832	0.410880411880759
67.873	0.424707502916841
67.913	0.4186954789394
67.954	0.397054496078076
67.995	0.409077368799558
68.035	0.412082910694919
68.075	0.410880411880759
68.115	0.41568993704404
68.155	0.420498522020601
68.196	0.428313589079242
68.236	0.400661522427197
68.277	0.403667064322556
68.317	0.400661522427197
68.357	0.412082910694919
68.397	0.408476589485838
68.437	0.426510545998042
68.478	0.383829124542434
68.518	0.383829124542434
68.558	0.395251217950195
68.598	0.429516087893402
68.638	0.4168924358582
68.678	0.424707502916841
68.718	0.41809469962568
68.759	0.400059802926756
68.801	0.414487673276559
68.841	0.391043412287355
68.882	0.423505004102681
68.922	0.420498522020601
68.962	0.439735917533684
69.002	0.408476589485838
69.042	0.408476589485838
69.082	0.404267843636278
69.122	0.41568993704404
69.162	0.410880411880759
69.202	0.405470107403757
69.242	0.410279632567039
69.282	0.428313589079242
69.322	0.404267843636278
69.363	0.41749321517192
69.403	0.397655980531835
69.443	0.407274090671677
69.483	0.408476589485838
69.523	0.421100241521041
69.563	0.400059802926756
69.604	0.395251217950195
69.644	0.386835371577833
69.684	0.397054496078076
69.724	0.414487673276559
69.764	0.397655980531835
69.805	0.389840913473194
69.846	0.400661522427197
69.886	0.403667064322556
69.926	0.375413278170071
69.966	0.403667064322556
70.006	0.397054496078076
70.046	0.393447234682276
70.086	0.391043412287355
70.126	0.401864021241357
70.166	0.413886893962839
70.207	0.400661522427197
70.247	0.391644191601074
70.288	0.404869328090037
70.328	0.403667064322556
70.369	0.409678148113279
70.409	0.400661522427197
70.449	0.424105783416401
70.49	0.409077368799558
70.53	0.41568993704404
70.571	0.410279632567039
70.611	0.398256759845557
70.651	0.392846455368556
70.691	0.391644191601074
70.731	0.399459258659715
70.771	0.392245676054834
70.811	0.405470107403757
70.851	0.386233887124073
70.891	0.37060469319351
70.931	0.404267843636278
70.971	0.36819993061187
71.011	0.400059802926756
71.051	0.389239429019435
71.091	0.390441692786914
71.131	0.378418820065432
71.171	0.376615776984231
71.211	0.389239429019435
71.251	0.384430608996193
71.291	0.386835371577833
71.331	0.384430608996193
71.371	0.392245676054834
71.411	0.386233887124073
71.451	0.388036930205274
71.491	0.386835371577833
71.531	0.383829124542434
71.571	0.41568993704404
71.611	0.409077368799558
71.652	0.391043412287355
71.692	0.380222803333352
71.732	0.386233887124073
71.773	0.398256759845557
71.813	0.400059802926756
71.854	0.382626625728273
71.895	0.401262301740917
71.935	0.410880411880759
71.975	0.385031388309913
72.016	0.389840913473194
72.056	0.380823582647072
72.096	0.385633107810353
72.136	0.366395947343949
72.176	0.4186954789394
72.216	0.413886893962839
72.256	0.402464565508398
72.297	0.385031388309913
72.337	0.376615776984231
72.377	0.387436150891554
72.417	0.377216321251272
72.457	0.398857539159277
72.498	0.388638649705715
72.538	0.387436150891554
72.578	0.364592669216068
72.618	0.376615776984231
72.658	0.353772060262068
72.699	0.377818040751712
72.739	0.37060469319351
72.779	0.378418820065432
72.819	0.37120547250723
72.859	0.383829124542434
72.899	0.363991889902349
72.939	0.373610235088871
72.981	0.383228345228714
73.021	0.393447234682276
73.061	0.36699743179771
73.101	0.36819993061187
73.142	0.377216321251272
73.182	0.374211014402591
73.222	0.385633107810353
73.262	0.389840913473194
73.302	0.391644191601074
73.342	0.401864021241357
73.382	0.406071826904198
73.422	0.387436150891554
73.462	0.398857539159277
73.503	0.391644191601074
73.544	0.394048954182714
73.585	0.394048954182714
73.625	0.376014997670511
73.665	0.398256759845557
73.706	0.389239429019435
73.746	0.392245676054834
73.787	0.37000297369307
73.827	0.397054496078076
73.868	0.391644191601074
73.909	0.379020539565871
73.949	0.396453716764356
73.989	0.408476589485838
74.03	0.397054496078076
74.07	0.388638649705715
74.11	0.385031388309913
74.151	0.387436150891554
74.191	0.379621083832912
74.231	0.406071826904198
74.271	0.392245676054834
74.311	0.403066285008836
74.351	0.410279632567039
74.391	0.384430608996193
74.431	0.394649733496436
74.471	0.391644191601074
74.511	0.412684395148678
74.552	0.390441692786914
74.592	0.396453716764356
74.632	0.386233887124073
74.672	0.378418820065432
74.713	0.393447234682276
74.754	0.380823582647072
74.794	0.395851997263915
74.835	0.388638649705715
74.875	0.405470107403757
74.916	0.400661522427197
74.956	0.394649733496436
74.996	0.388638649705715
75.036	0.383228345228714
75.077	0.396453716764356
75.117	0.365194388716509
75.157	0.385633107810353
75.197	0.402464565508398
75.238	0.411482131381199
75.279	0.383228345228714
75.319	0.36940219437935
75.359	0.363390405448589
75.399	0.388036930205274
75.439	0.397054496078076
75.479	0.392846455368556
75.519	0.36699743179771
75.559	0.392846455368556
75.599	0.392245676054834
75.64	0.388638649705715
75.681	0.388638649705715
75.721	0.388638649705715
75.761	0.392846455368556
75.801	0.380823582647072
75.841	0.397655980531835
75.881	0.380222803333352
75.921	0.394048954182714
75.961	0.393447234682276
76.001	0.393447234682276
76.041	0.388638649705715
