Time (s)	PSI(P = 2 nW*um^-2)(a.u.) 
0.0	0.0151083730906759
0.041	-0.0044915450074163
0.081	-0.0028583604165684
0.122	0.0020414062319657
0.163	-0.0191912707049966
0.203	-0.0001365280158149
0.244	-0.0023136107596371
0.284	-0.0093915245319393
0.324	0.0129304388428951
0.364	0.0063974876035145
0.404	-0.0055804056933122
0.444	-0.0039474339784532
0.485	-0.0077583399410914
0.525	-0.0132024304945776
0.565	0.0145634105577542
0.606	0.0238192585778371
0.646	0.003130479793849
0.686	0.0014975080789915
0.726	-0.0110253477507555
0.767	0.0004084345171067
0.807	-0.001769499730674
0.847	0.0189192790533141
0.887	0.0053084140416297
0.927	0.0014975080789915
0.967	0.0183743165203924
1.007	-0.0023136107596371
1.047	-0.0077583399410914
1.089	-0.0072135902841601
1.129	0.385871929355656
1.169	0.49094879499045
1.209	0.58840299719601
1.249	0.656458386634377
1.289	0.721790666416055
1.329	0.78657904804476
1.369	0.817612748410715
1.409	0.860078528036615
1.45	0.886756147031019
1.49	0.921600753359612
1.53	0.958622442432027
1.57	1.0
1.61	0.871512310304478
1.65	0.849190346929642
1.69	0.830678650889477
1.73	0.82523477321198
1.77	0.80400188339903
1.811	0.793113063664088
1.852	0.804545994427993
1.892	0.783857215644007
1.932	0.766979342822657
1.972	0.758268457335496
2.013	0.764257297545915
2.054	0.760990502612239
2.094	0.762624325831056
2.134	0.771335211318217
2.174	0.761535252269171
2.214	0.745746453009707
2.254	0.736490604989624
2.294	0.729413542721279
2.334	0.73540174430373
2.375	0.733768559712882
2.415	0.748468498286449
2.455	0.721790666416055
2.496	0.739757612799288
2.537	0.73540174430373
2.578	0.711446809214036
2.618	0.703824784412769
2.658	0.691302141459013
2.699	0.691846891115944
2.739	0.695113898925608
2.779	0.697835944202352
2.819	0.679869210695108
2.86	0.683136005628783
2.9	0.680958071381004
2.94	0.6891248458392
2.98	0.692935964677829
3.02	0.692935964677829
3.061	0.68640216193449
3.101	0.679325099666145
3.141	0.677691276447328
3.181	0.657002284787351
3.222	0.66571423465446
3.263	0.684225079190668
3.303	0.684225079190668
3.343	0.662447226844796
3.384	0.675513980827516
3.424	0.650469333547969
3.464	0.64829139930019
3.504	0.654825202043529
3.544	0.659180431911121
3.584	0.657002284787351
3.624	0.657002284787351
3.664	0.647202538614296
3.704	0.651558407109854
3.744	0.644480493337552
3.784	0.644480493337552
3.824	0.657547247320273
3.864	0.674425120141621
3.904	0.649380472862075
3.945	0.657002284787351
3.985	0.657002284787351
4.025	0.636858468536285
4.065	0.636858468536285
4.105	0.640125476345951
4.145	0.649925222519006
4.185	0.649925222519006
4.226	0.61235878378966
4.266	0.625969648801345
4.306	0.612902894818623
4.346	0.604191796455473
4.386	0.604191796455473
4.426	0.62705850948724
4.467	0.62705850948724
4.507	0.621069669276822
4.547	0.610180849541881
4.587	0.611269710227775
4.629	0.604191796455473
4.669	0.605825619674289
4.709	0.596569984530197
4.749	0.594392050282416
4.789	0.609636738512918
4.829	0.618891735029042
4.869	0.596569984530197
4.909	0.593302976720533
4.949	0.606369730703252
4.989	0.599836779463872
5.03	0.602558824740614
5.07	0.596025873501234
5.11	0.612902894818623
5.15	0.586225914452187
5.19	0.575337094717245
5.23	0.573159160469466
5.27	0.607458804265137
5.31	0.578603038146964
5.35	0.598202956245054
5.39	0.59112589397671
5.431	0.606913841732217
5.471	0.585680951919266
5.511	0.573159160469466
5.551	0.578603038146964
5.591	0.570981226221687
5.631	0.582958906642522
5.672	0.571525975878618
5.712	0.579692111708848
5.752	0.55900333292486
5.792	0.561726229705561
5.833	0.562270127858535
5.874	0.553559242371374
5.914	0.57370305862244
5.955	0.568259180944943
5.995	0.569892152659802
6.036	0.570437115192722
6.077	0.553014279838454
6.117	0.541581349074549
6.157	0.55247038168548
6.199	0.549748336408736
6.239	0.566081246697164
6.279	0.557370148334012
6.319	0.557370148334012
6.359	0.554103353400337
6.399	0.550837197094632
6.44	0.565537135668199
6.48	0.554648315933259
6.52	0.568803291973906
6.56	0.562814238887498
6.6	0.574248021155361
6.64	0.547026291131992
6.68	0.578059139993989
6.72	0.536137471397051
6.76	0.566081246697164
6.8	0.558459221895897
6.84	0.561181267172641
6.88	0.559548082581793
6.92	0.586770025481151
6.96	0.565537135668199
7.0	0.562270127858535
7.04	0.568803291973906
7.08	0.558459221895897
7.12	0.561726229705561
7.16	0.555192214086233
7.2	0.55900333292486
7.24	0.554103353400337
7.28	0.562270127858535
7.32	0.544848356884213
7.36	0.526881623376969
7.4	0.542670422636434
7.44	0.541037238045586
7.48	0.54811451318992
7.52	0.550292447437699
7.56	0.528514595091828
7.6	0.53559250886413
7.64	0.535048397835167
7.68	0.531781602901492
7.72	0.534503435302247
7.76	0.518170525013818
7.8	0.53559250886413
7.84	0.540492488388653
7.88	0.542670422636434
7.92	0.523614615567304
7.96	0.523614615567304
8.0	0.518714636042781
8.04	0.529603668653712
8.081	0.531237491872528
8.121	0.544303394351291
8.161	0.525248438786121
8.201	0.520892570290562
8.242	0.507825816307841
8.282	0.517081664327924
8.323	0.530148418310644
8.363	0.518170525013818
8.404	0.523614615567304
8.444	0.517081664327924
8.484	0.509459639526657
8.525	0.500748754039496
8.565	0.492581766705309
8.605	0.506192844592982
8.646	0.524159578100226
8.686	0.508370778840763
8.727	0.513814656518258
8.768	0.504014910345203
8.809	0.487137889027811
8.85	0.49911493082068
8.891	0.508370778840763
8.931	0.506737594249913
8.971	0.520348459261598
9.011	0.515448692613065
9.051	0.513814656518258
9.091	0.514903730080143
9.131	0.511092611241516
9.171	0.515992590766039
9.211	0.52252575488141
9.252	0.51000375055562
9.292	0.523070504538341
9.332	0.51435961905118
9.372	0.517625775356887
9.413	0.513270758365284
9.453	0.535048397835167
9.494	0.50347079931624
9.534	0.536681369550026
9.574	0.496392885543936
9.615	0.51000375055562
9.656	0.524703689129189
9.696	0.520892570290562
9.736	0.508370778840763
9.777	0.504014910345203
9.817	0.516537553298959
9.858	0.494759700953088
9.899	0.520892570290562
9.94	0.508914676993735
9.98	0.486048815465927
10.02	0.512725795832364
10.06	0.500203791506574
10.1	0.504014910345203
10.14	0.506192844592982
10.181	0.505103771031097
10.221	0.505103771031097
10.261	0.48659292649489
10.302	0.48659292649489
10.342	0.502925836783318
10.382	0.511092611241516
10.423	0.499659680477611
10.463	0.500748754039496
10.503	0.512181684803401
10.543	0.512181684803401
10.583	0.490403832457529
10.624	0.500203791506574
10.665	0.507825816307841
10.705	0.516537553298959
10.745	0.510548713088542
10.785	0.496937848076858
10.825	0.495303811982051
10.865	0.502381725754355
10.905	0.511637573774436
10.945	0.489859934304555
10.986	0.511092611241516
11.026	0.49911493082068
11.067	0.50347079931624
11.107	0.489859934304555
11.149	0.506192844592982
11.189	0.487682000056775
11.229	0.489859934304555
11.269	0.500203791506574
11.309	0.509459639526657
11.35	0.481148835941404
11.39	0.496937848076858
11.43	0.47352617251217
11.471	0.484959954780032
11.512	0.482237909503288
11.552	0.495848774514973
11.592	0.482782020532251
11.633	0.494759700953088
11.673	0.491492906019413
11.714	0.480059975255509
11.755	0.474070922169101
11.795	0.471349089768348
11.835	0.477882041007728
11.876	0.494214951296157
11.917	0.501292865068459
11.958	0.490403832457529
11.999	0.470260016206463
12.04	0.468626192987647
12.08	0.466449110243825
12.12	0.458282122909638
12.16	0.463182102434161
12.2	0.477337929978765
12.24	0.478970901693624
12.28	0.490403832457529
12.32	0.453382143385115
12.36	0.466449110243825
12.4	0.444126295365032
12.44	0.470260016206463
12.48	0.482782020532251
12.52	0.466449110243825
12.56	0.469171155520567
12.6	0.444126295365032
12.64	0.43977127837343
12.68	0.457193262223742
12.72	0.455015327975963
12.76	0.464815287025009
12.8	0.45066031098436
12.84	0.475704106759949
12.88	0.452838245232141
12.92	0.453926254414078
12.96	0.457193262223742
13.0	0.458826233938601
13.04	0.46536003668194
13.08	0.464815287025009
13.12	0.482782020532251
13.16	0.454471216947
13.2	0.437049233096687
13.24	0.43977127837343
13.28	0.459915307500486
13.32	0.442493323650173
13.36	0.44194921262121
13.4	0.458826233938601
13.44	0.44194921262121
13.48	0.457193262223742
13.52	0.453926254414078
13.56	0.445215368926917
13.6	0.449026274889555
13.64	0.440860351935315
13.68	0.438682417687534
13.72	0.455015327975963
13.76	0.456104188661857
13.8	0.443038286183094
13.841	0.436504483439755
13.881	0.438138306658571
13.921	0.439226528716498
13.962	0.452293282699219
14.002	0.457738011880673
14.042	0.451749171670256
14.083	0.461549130719302
14.123	0.45066031098436
14.163	0.453926254414078
14.203	0.459915307500486
14.244	0.459915307500486
14.284	0.454471216947
14.324	0.453382143385115
14.364	0.444671257897953
14.404	0.449026274889555
14.444	0.446849192145733
14.484	0.443582397212058
14.524	0.456104188661857
14.564	0.447938265707617
14.604	0.451204209137334
14.645	0.449026274889555
14.686	0.44194921262121
14.726	0.444126295365032
14.766	0.431604503915232
14.806	0.435960372410792
14.846	0.432149466448154
14.886	0.441404462964278
14.927	0.43759334412565
14.967	0.431604503915232
15.008	0.431604503915232
15.049	0.441404462964278
15.089	0.451749171670256
15.13	0.437049233096687
15.17	0.446849192145733
15.21	0.453926254414078
15.25	0.444126295365032
15.29	0.433782438163011
15.33	0.44194921262121
15.371	0.431060392886269
15.412	0.45066031098436
15.452	0.438138306658571
15.492	0.455560077632894
15.532	0.449026274889555
15.572	0.445760331459838
15.612	0.432149466448154
15.652	0.432149466448154
15.692	0.443038286183094
15.732	0.449026274889555
15.772	0.443038286183094
15.813	0.432149466448154
15.853	0.43759334412565
15.894	0.428338347609525
15.935	0.425615450828824
15.975	0.448482376736581
16.015	0.433782438163011
16.055	0.43541540987787
16.095	0.432149466448154
16.136	0.42452659014293
16.176	0.441404462964278
16.216	0.4163604543127
16.256	0.419626610618407
16.296	0.435960372410792
16.337	0.42452659014293
16.377	0.43759334412565
16.418	0.426704524390709
16.459	0.428338347609525
16.499	0.414726631093884
16.539	0.408737790883465
16.579	0.408193679854502
16.619	0.427249486923631
16.659	0.439226528716498
16.699	0.441404462964278
16.739	0.439226528716498
16.779	0.415271593626804
16.819	0.423438368085002
16.859	0.4163604543127
16.899	0.434326549191976
16.939	0.444671257897953
16.979	0.444671257897953
17.019	0.417993638903548
17.059	0.4011157660822
17.099	0.412549548350062
17.139	0.411460474788177
17.179	0.415815704655769
17.219	0.429971532200373
17.26	0.427249486923631
17.3	0.440860351935315
17.34	0.416904565341663
17.38	0.417449527874585
17.42	0.423982479113965
17.46	0.4163604543127
17.5	0.415815704655769
17.54	0.422893618428071
17.58	0.434326549191976
17.62	0.42452659014293
17.66	0.4011157660822
17.701	0.404926672044838
17.741	0.405471634577759
17.781	0.407104606292617
17.821	0.406560708139643
17.861	0.403293700329979
17.902	0.40166072861512
17.942	0.417449527874585
17.983	0.407649568825539
18.023	0.407649568825539
18.063	0.40166072861512
18.104	0.420171573151327
18.144	0.425615450828824
18.184	0.421804544866186
18.224	0.406015745606723
18.264	0.396760749090598
18.304	0.404382773891864
18.345	0.410371614102281
18.386	0.407649568825539
18.427	0.399482794367341
18.469	0.412549548350062
18.509	0.414726631093884
18.549	0.400571655053236
18.589	0.392404880595038
18.63	0.392404880595038
18.67	0.407649568825539
18.71	0.404926672044838
18.75	0.38641582750863
18.79	0.40166072861512
18.83	0.386960790041552
18.87	0.396760749090598
18.91	0.387504901070515
18.95	0.394037852309897
18.99	0.408193679854502
19.03	0.404926672044838
19.07	0.404926672044838
19.11	0.37552700777369
19.15	0.385326966822734
19.19	0.405471634577759
19.23	0.383149884078914
19.27	0.385871929355656
19.31	0.395671675528713
19.351	0.394582814842817
19.392	0.39077169600419
19.433	0.384237893260851
19.474	0.385326966822734
19.514	0.379882876269248
19.554	0.395126925871781
19.594	0.395671675528713
19.634	0.40166072861512
19.674	0.407104606292617
19.715	0.391315807033153
19.756	0.367904982972423
19.797	0.389137872785374
19.837	0.382604921545992
19.877	0.404926672044838
19.917	0.409282540540398
19.958	0.4011157660822
19.999	0.396760749090598
20.039	0.407649568825539
20.079	0.404926672044838
20.119	0.400571655053236
20.16	0.404926672044838
20.2	0.411460474788177
20.24	0.416904565341663
20.28	0.404382773891864
20.32	0.391315807033153
20.36	0.39077169600419
20.4	0.394582814842817
20.44	0.398393720805456
20.48	0.406015745606723
20.52	0.397304860119561
20.56	0.400571655053236
20.6	0.399482794367341
20.64	0.388049863603435
20.68	0.397304860119561
20.72	0.407649568825539
20.76	0.396215786557677
20.8	0.385871929355656
20.84	0.391315807033153
20.88	0.378249904554391
20.92	0.380426987298213
20.96	0.394582814842817
21.0	0.396215786557677
21.04	0.382604921545992
21.08	0.385871929355656
21.121	0.379337913736328
21.161	0.377160830992506
21.201	0.362461105294926
21.242	0.3504832119981
21.282	0.368994056534308
21.322	0.383149884078914
21.362	0.373894036058831
21.403	0.391315807033153
21.444	0.380426987298213
21.485	0.372260851467983
21.525	0.361372031733041
21.566	0.360283171047147
21.607	0.672791296922805
21.649	0.793656961817062
21.69	0.870423236742593
21.73	0.928677815627957
21.77	0.984211200740536
21.81	1.02776584105233
21.85	1.06315455840989
21.89	1.08493241075576
21.93	1.12522089476185
21.97	1.16496548061496
22.01	1.18293136261825
22.05	1.21450896113718
22.091	1.22539799374811
22.131	1.08112129191713
22.171	1.0451886764066
22.212	1.02068877878399
22.253	1.02504379577559
22.293	1.02776584105233
22.333	1.01524404960253
22.373	1.00598905308641
22.413	0.994555270818546
22.454	0.988566217732138
22.494	0.984211200740536
22.534	0.987478208550201
22.574	0.977133286968234
22.614	0.9847553117695
22.654	0.969511262166967
22.694	0.952633602221608
22.734	0.958622442432027
22.774	0.961889450241691
22.814	0.962978310927587
22.855	0.947733622697086
22.895	0.954266573936467
22.935	0.93357779515248
22.976	0.928677815627957
23.016	0.928677815627957
23.056	0.911800794310566
23.097	0.917789847396974
23.137	0.917244884864052
23.178	0.935211618371296
23.218	0.905266991567227
23.259	0.913977877054388
23.299	0.899278151356809
23.339	0.894923134365207
23.379	0.907444925815006
23.419	0.91016697109175
23.459	0.900367012042704
23.499	0.897101068612987
23.539	0.909078110405856
23.58	0.8889340812788
23.62	0.904178130881332
23.66	0.882945241068381
23.7	0.877501150514895
23.741	0.881856167506496
23.781	0.898734040327845
23.821	0.892201089088464
23.861	0.873145282019335
23.901	0.867701191465849
23.941	0.872601170990372
23.981	0.892745200117427
24.022	0.870423236742593
24.062	0.864434396532174
24.102	0.887301109563941
24.142	0.879134122229754
24.182	0.854090326454165
24.222	0.847012412681862
24.262	0.855178548512092
24.303	0.866612330779955
24.343	0.849734457958605
24.383	0.856267409197987
24.424	0.857901445292793
24.465	0.850278568987569
24.505	0.850278568987569
24.545	0.837756564661779
24.585	0.837212453632816
24.625	0.863345322970289
24.665	0.83612359294692
24.705	0.840478609938523
24.745	0.836667703975885
24.785	0.836667703975885
24.826	0.823601588621132
24.866	0.836667703975885
24.907	0.842656544186302
24.947	0.82523477321198
24.987	0.870967347771556
25.029	0.83612359294692
25.069	0.832856585137256
25.109	0.81652367484883
25.149	0.832312686984282
25.189	0.831767724451362
25.229	0.835034519385037
25.269	0.846467663024931
25.31	0.833401547670178
25.35	0.84864559727271
25.39	0.809989872105491
25.43	0.840478609938523
25.47	0.818156859439678
25.51	0.831223613422399
25.55	0.826323633897876
25.59	0.842656544186302
25.63	0.823056838964201
25.67	0.817067785877793
25.71	0.811623908200296
25.75	0.817612748410715
25.79	0.815978925191897
25.831	0.833401547670178
25.871	0.819789831154537
25.911	0.82523477321198
25.951	0.81216780635327
25.991	0.813256879915155
26.031	0.80400188339903
26.071	0.793113063664088
26.111	0.792023990102203
26.151	0.806178966142852
26.191	0.800734875589365
26.231	0.78712401057768
26.271	0.777324051528636
26.311	0.788213084139565
26.351	0.768068203508553
26.392	0.78657904804476
26.432	0.793113063664088
26.472	0.794746035378947
26.512	0.789846055854424
26.553	0.765890269260774
26.593	0.781135170367263
26.636	0.768068203508553
26.676	0.793113063664088
26.716	0.769157277070438
26.756	0.778957236119484
26.797	0.791479027569283
26.839	0.780046096805378
26.879	0.783857215644007
26.919	0.781135170367263
26.959	0.763713186516951
26.999	0.766979342822657
27.039	0.778413125090519
27.079	0.792023990102203
27.119	0.774602219127881
27.159	0.766435231793694
27.199	0.788213084139565
27.239	0.77187932234718
27.279	0.781679281396226
27.319	0.788213084139565
27.359	0.80400188339903
27.399	0.781679281396226
27.439	0.775146117280855
27.479	0.770246137756332
27.52	0.780590207834341
27.56	0.774057256594961
27.6	0.772968183033076
27.64	0.789846055854424
27.68	0.760990502612239
27.72	0.751735293220125
27.76	0.761535252269171
27.8	0.747379424724566
27.84	0.762079363298134
27.88	0.757179383773611
27.92	0.757724346306532
27.96	0.765890269260774
28.0	0.774602219127881
28.04	0.73540174430373
28.08	0.729957653750244
28.12	0.744657592323811
28.16	0.743024407732963
28.2	0.742479658076032
28.24	0.753368477810972
28.28	0.731046514436138
28.32	0.747379424724566
28.36	0.728324682035385
28.4	0.727779719502463
28.44	0.729957653750244
28.48	0.74629056403867
28.52	0.740302362456221
28.56	0.749013460819371
28.601	0.741935547047069
28.642	0.715801826205638
28.683	0.721790666416055
28.724	0.709813837499177
28.764	0.733768559712882
28.804	0.727779719502463
28.845	0.747924387257486
28.885	0.737579678551509
28.925	0.731590625465101
28.965	0.726690645940578
29.005	0.709813837499177
29.046	0.723424702510862
29.086	0.725601785254684
29.126	0.72287973997794
29.166	0.711446809214036
29.206	0.723968600663836
29.246	0.720701805730161
29.287	0.717979760453417
29.329	0.703279821879849
29.369	0.714713604147711
29.409	0.711446809214036
29.449	0.702190961193953
29.489	0.715801826205638
29.529	0.693480075706792
29.569	0.690213919401085
29.609	0.698924804888246
29.649	0.700013878450131
29.689	0.690213919401085
29.729	0.691846891115944
29.769	0.702190961193953
29.81	0.688035985153306
29.85	0.672791296922805
29.89	0.683680116657746
29.93	0.700557989479094
29.971	0.685313939876562
30.011	0.699468915917209
30.051	0.707090940718476
30.091	0.700013878450131
30.131	0.706001867156592
30.171	0.679869210695108
30.211	0.69729098166943
30.251	0.714168854490779
30.291	0.717979760453417
30.331	0.701101887632068
30.371	0.714713604147711
30.411	0.700013878450131
30.451	0.703824784412769
30.491	0.682591043095861
30.531	0.68640216193449
30.571	0.698924804888246
30.611	0.708179801404371
30.652	0.696746870640467
30.692	0.692391002144907
30.732	0.672791296922805
30.772	0.695113898925608
30.813	0.692935964677829
30.853	0.667891317398282
30.893	0.686946911591421
30.933	0.68640216193449
30.973	0.685858050905525
31.014	0.679325099666145
31.055	0.687491022620384
31.095	0.668980178084177
31.135	0.685313939876562
31.175	0.689668956868165
31.215	0.694024825363723
31.255	0.688580096182269
31.295	0.669525140617098
31.335	0.678780137133223
31.376	0.669525140617098
31.417	0.653191378824713
31.458	0.674969231170585
31.498	0.670069251646062
31.538	0.679869210695108
31.579	0.679325099666145
31.619	0.665169272121539
31.659	0.654280452386598
31.699	0.655914275605414
31.739	0.663536300406679
31.779	0.672247185893842
31.819	0.656458386634377
31.859	0.669525140617098
31.899	0.655914275605414
31.939	0.65264726779575
31.979	0.643936382308589
32.019	0.649380472862075
32.059	0.628147583049124
32.099	0.650469333547969
32.139	0.659180431911121
32.179	0.660269292597016
32.219	0.672247185893842
32.259	0.654825202043529
32.299	0.664080198559654
32.339	0.654825202043529
32.379	0.665169272121539
32.419	0.669525140617098
32.459	0.657547247320273
32.499	0.668436067055214
32.539	0.660269292597016
32.58	0.653736341357635
32.62	0.659725181568052
32.66	0.6613583661589
32.7	0.662991337873759
32.74	0.666258132807434
32.78	0.684768977343642
32.82	0.672791296922805
32.86	0.670614001302993
32.9	0.662991337873759
32.94	0.664080198559654
32.98	0.664625161092575
33.02	0.666258132807434
33.06	0.673336046579737
33.1	0.665169272121539
33.14	0.662991337873759
33.181	0.657002284787351
33.221	0.669525140617098
33.261	0.666802243836398
33.301	0.671158112331957
33.341	0.669525140617098
33.381	0.662447226844796
33.421	0.647202538614296
33.462	0.651558407109854
33.502	0.641758448060808
33.542	0.656458386634377
33.582	0.653191378824713
33.623	0.64829139930019
33.663	0.656458386634377
33.704	0.648836361833112
33.744	0.645569354023446
33.784	0.658636320882158
33.824	0.635769607850391
33.864	0.641758448060808
33.904	0.65264726779575
33.944	0.654825202043529
33.984	0.647747288271227
34.025	0.65264726779575
34.065	0.633591673602611
34.105	0.622158529962717
34.145	0.644480493337552
34.185	0.647747288271227
34.225	0.62488057523946
34.266	0.642847521622693
34.306	0.638491440251144
34.347	0.628147583049124
34.387	0.646658427585331
34.427	0.646658427585331
34.469	0.636858468536285
34.509	0.631414377982799
34.55	0.631958489011762
34.59	0.634136423259543
34.631	0.623791714553565
34.671	0.623791714553565
34.712	0.615080829066404
34.752	0.627602620516204
34.792	0.647202538614296
34.833	0.642302559089773
34.873	0.617802661467157
34.914	0.62705850948724
34.955	0.63740257956525
34.996	0.647202538614296
35.036	0.62270264099168
35.077	0.638491440251144
35.117	0.633047562573647
35.157	0.625969648801345
35.197	0.629780554763983
35.237	0.6080029152941
35.277	0.632502600040727
35.317	0.630325517296904
35.357	0.623791714553565
35.398	0.634136423259543
35.439	0.625425537772381
35.479	0.630869628325868
35.519	0.630325517296904
35.559	0.621069669276822
35.599	0.631414377982799
35.639	0.621613780305785
35.679	0.642302559089773
35.719	0.628691694078088
35.759	0.631958489011762
35.799	0.629780554763983
35.839	0.604191796455473
35.879	0.616169689752298
35.919	0.641214337031845
35.959	0.619980595714937
36.0	0.631958489011762
36.04	0.615080829066404
36.08	0.611813821256739
36.12	0.630325517296904
36.16	0.614536718037439
36.2	0.62923644373502
36.241	0.619980595714937
36.282	0.626513759830308
36.323	0.616713800781262
36.363	0.628691694078088
36.403	0.617802661467157
36.443	0.617258763314183
36.484	0.619436697561963
36.524	0.624336464210497
36.565	0.61235878378966
36.605	0.624336464210497
36.645	0.610725599198812
36.685	0.613447644475556
36.725	0.613447644475556
36.765	0.609636738512918
36.805	0.626513759830308
36.845	0.609636738512918
36.885	0.636858468536285
36.926	0.620525558247858
36.966	0.600380890492835
37.006	0.62488057523946
37.046	0.616169689752298
37.086	0.617802661467157
37.127	0.623247603524601
37.168	0.626513759830308
37.209	0.625969648801345
37.249	0.62705850948724
37.289	0.623791714553565
37.329	0.610725599198812
37.369	0.621069669276822
37.41	0.640669374498925
37.45	0.636314357507322
37.49	0.626513759830308
37.531	0.607458804265137
37.571	0.609636738512918
37.611	0.61235878378966
37.652	0.617802661467157
37.693	0.617258763314183
37.734	0.625425537772381
37.774	0.623247603524601
37.814	0.634136423259543
37.854	0.606913841732217
37.894	0.609091775979996
37.934	0.616169689752298
37.974	0.615625578723335
38.014	0.628691694078088
38.054	0.619436697561963
38.095	0.606369730703252
38.135	0.623247603524601
38.175	0.610725599198812
38.215	0.625969648801345
38.256	0.615625578723335
38.296	0.610725599198812
38.336	0.620525558247858
38.377	0.625425537772381
38.417	0.614536718037439
38.457	0.598202956245054
38.497	0.606913841732217
38.539	0.6080029152941
38.579	0.596569984530197
38.619	0.627602620516204
38.659	0.613991755504519
38.699	0.622158529962717
38.739	0.6080029152941
38.779	0.605825619674289
38.82	0.6080029152941
38.86	0.60364768542651
38.9	0.60364768542651
38.94	0.611813821256739
38.98	0.613447644475556
39.02	0.595480910968312
39.06	0.59112589397671
39.1	0.595480910968312
39.14	0.605825619674289
39.18	0.607458804265137
39.22	0.613447644475556
39.26	0.615080829066404
39.3	0.596025873501234
39.34	0.572070086907581
39.38	0.58894795972893
39.42	0.596025873501234
39.46	0.604736758988395
39.5	0.6080029152941
39.54	0.604736758988395
39.58	0.609636738512918
39.62	0.580237074241769
39.66	0.605825619674289
39.7	0.592213903158648
39.74	0.60364768542651
39.781	0.598747918777976
39.821	0.613991755504519
39.861	0.602013862207694
39.901	0.60364768542651
39.941	0.578603038146964
39.981	0.606369730703252
40.021	0.58894795972893
40.061	0.59929181693095
40.101	0.594392050282416
40.141	0.600925853025755
40.181	0.610180849541881
40.222	0.575337094717245
40.262	0.586770025481151
40.302	0.589492070757893
40.342	0.567714218412022
40.383	0.607458804265137
40.424	0.586225914452187
40.465	0.571525975878618
40.505	0.576970066432104
40.545	0.567170107383058
40.585	0.593847939253453
40.625	0.594936799939349
40.665	0.576970066432104
40.705	0.594936799939349
40.745	0.584047980204407
40.785	0.57370305862244
40.825	0.577514177461068
40.865	0.555737176619155
40.905	0.560092193610756
40.946	0.572070086907581
40.986	0.584592091233371
41.026	0.57588099287022
41.066	0.592758865691568
41.106	0.579148000679884
41.147	0.569348041630838
41.188	0.569348041630838
41.228	0.569348041630838
41.268	0.587858886167045
41.308	0.591670005005674
41.348	0.578603038146964
41.388	0.585680951919266
41.43	0.575337094717245
41.47	0.596569984530197
41.51	0.58840299719601
41.55	0.596569984530197
41.59	0.59112589397671
41.631	0.593302976720533
41.671	0.598747918777976
41.711	0.592213903158648
41.752	0.571525975878618
41.792	0.596025873501234
41.833	0.584047980204407
41.874	0.583503017671487
41.914	0.602558824740614
41.954	0.582958906642522
41.994	0.587858886167045
42.034	0.582958906642522
42.074	0.562270127858535
42.114	0.586225914452187
42.154	0.593847939253453
42.194	0.587858886167045
42.234	0.580237074241769
42.274	0.574792132184325
42.314	0.582414156985591
42.354	0.583503017671487
42.395	0.579148000679884
42.435	0.592758865691568
42.476	0.574792132184325
42.517	0.581325934927664
42.557	0.587314136510114
42.599	0.55900333292486
42.639	0.555192214086233
42.679	0.572614197936545
42.719	0.569348041630838
42.759	0.591670005005674
42.799	0.559548082581793
42.839	0.590580931443789
42.879	0.590580931443789
42.919	0.561181267172641
42.959	0.59112589397671
42.999	0.572614197936545
43.039	0.584047980204407
43.079	0.603102935769577
43.119	0.561726229705561
43.159	0.582414156985591
43.199	0.581325934927664
43.239	0.582958906642522
43.279	0.571525975878618
43.319	0.585136840890303
43.359	0.565537135668199
43.399	0.572614197936545
43.439	0.564448062106316
43.479	0.576970066432104
43.52	0.560092193610756
43.56	0.566625996354095
43.6	0.568259180944943
43.64	0.598747918777976
43.68	0.568803291973906
43.72	0.556826250181038
43.76	0.560092193610756
43.8	0.56335920142042
43.84	0.554103353400337
43.88	0.56335920142042
43.92	0.572614197936545
43.96	0.549748336408736
44.0	0.556281287648118
44.04	0.566625996354095
44.08	0.557370148334012
44.12	0.556826250181038
44.16	0.569348041630838
44.2	0.57370305862244
44.24	0.57370305862244
44.28	0.549748336408736
44.32	0.560637156143676
44.36	0.561181267172641
44.4	0.553559242371374
44.44	0.56335920142042
44.481	0.557370148334012
44.521	0.573159160469466
44.561	0.579148000679884
44.601	0.553559242371374
44.642	0.566081246697164
44.682	0.562814238887498
44.722	0.544848356884213
44.763	0.557370148334012
44.804	0.561726229705561
44.844	0.548659262846851
44.884	0.574248021155361
44.925	0.562814238887498
44.965	0.562270127858535
45.005	0.531237491872528
45.045	0.531237491872528
45.085	0.565537135668199
45.125	0.561181267172641
45.165	0.544303394351291
45.205	0.547570402160957
45.246	0.544303394351291
45.287	0.553559242371374
45.329	0.557914259362975
45.369	0.553559242371374
45.409	0.55247038168548
45.449	0.546481328599072
45.489	0.572070086907581
45.53	0.536681369550026
45.57	0.53940341482677
45.61	0.529603668653712
45.65	0.55247038168548
45.69	0.559548082581793
45.73	0.533414574616351
45.77	0.547570402160957
45.811	0.550837197094632
45.852	0.545937217570109
45.892	0.544848356884213
45.933	0.526881623376969
45.973	0.53994837735969
46.014	0.555192214086233
46.054	0.558459221895897
46.094	0.534503435302247
46.135	0.550292447437699
46.175	0.545392467913176
46.216	0.559548082581793
46.256	0.531781602901492
46.296	0.543759283322328
46.336	0.560092193610756
46.376	0.543759283322328
46.416	0.551381308123595
46.457	0.532870463587387
46.497	0.529603668653712
46.537	0.55900333292486
46.578	0.544848356884213
46.618	0.532326352558424
46.66	0.536681369550026
46.7	0.541037238045586
46.741	0.53559250886413
46.781	0.525248438786121
46.821	0.526337512348005
46.862	0.554103353400337
46.902	0.555737176619155
46.942	0.536681369550026
46.982	0.533959537149272
47.022	0.533959537149272
47.062	0.52252575488141
47.102	0.530148418310644
47.142	0.524703689129189
47.182	0.538859303797805
47.222	0.524159578100226
47.263	0.529059557624749
47.303	0.524159578100226
47.343	0.52252575488141
47.384	0.53559250886413
47.424	0.512725795832364
47.464	0.541037238045586
47.505	0.540492488388653
47.546	0.529603668653712
47.587	0.537226332082947
47.628	0.507825816307841
47.668	0.541037238045586
47.709	0.525248438786121
47.75	0.532326352558424
47.79	0.52252575488141
47.83	0.540492488388653
47.87	0.525792549815085
47.91	0.525792549815085
47.95	0.519259598575703
47.99	0.496937848076858
48.03	0.532326352558424
48.07	0.525248438786121
48.11	0.551926270656515
48.15	0.547026291131992
48.19	0.547026291131992
48.231	0.533959537149272
48.272	0.517625775356887
48.312	0.537226332082947
48.352	0.535048397835167
48.392	0.530148418310644
48.432	0.532326352558424
48.472	0.520348459261598
48.512	0.512181684803401
48.552	0.50347079931624
48.592	0.526337512348005
48.632	0.520348459261598
48.672	0.531237491872528
48.712	0.527970484062864
48.752	0.505648733564019
48.792	0.531781602901492
48.832	0.526881623376969
48.873	0.52252575488141
48.913	0.530148418310644
48.953	0.521437532823482
48.994	0.51435961905118
49.034	0.530148418310644
49.074	0.507825816307841
49.114	0.513814656518258
49.154	0.529603668653712
49.194	0.513270758365284
49.234	0.506192844592982
49.274	0.527970484062864
49.314	0.537226332082947
49.354	0.517081664327924
49.394	0.514903730080143
49.435	0.499659680477611
49.475	0.521437532823482
49.516	0.529059557624749
49.556	0.513814656518258
49.596	0.523614615567304
49.636	0.511092611241516
49.677	0.536137471397051
49.719	0.492037868552335
49.759	0.508914676993735
49.8	0.507281705278878
49.84	0.523070504538341
49.881	0.49911493082068
49.921	0.518714636042781
49.961	0.502381725754355
50.002	0.512181684803401
50.042	0.50347079931624
50.082	0.512181684803401
50.122	0.516537553298959
50.163	0.525792549815085
50.203	0.523614615567304
50.244	0.526337512348005
50.284	0.504559660002134
50.324	0.51000375055562
50.364	0.51435961905118
50.404	0.509459639526657
50.444	0.524703689129189
50.484	0.516537553298959
50.525	0.534503435302247
50.565	0.532870463587387
50.606	0.512725795832364
50.646	0.517081664327924
50.687	0.526337512348005
50.727	0.525248438786121
50.769	0.515448692613065
50.809	0.525792549815085
50.849	0.515448692613065
50.889	0.511092611241516
50.929	0.504559660002134
50.97	0.486048815465927
51.01	0.513814656518258
51.05	0.530148418310644
51.091	0.517081664327924
51.131	0.518714636042781
51.171	0.499659680477611
51.211	0.516537553298959
51.251	0.484959954780032
51.291	0.502925836783318
51.331	0.512181684803401
51.372	0.504014910345203
51.413	0.527426373033901
51.453	0.508370778840763
51.493	0.49911493082068
51.533	0.488225898209749
51.573	0.498025857258795
51.613	0.494759700953088
51.654	0.507281705278878
51.694	0.505103771031097
51.735	0.505103771031097
51.775	0.490403832457529
51.815	0.506192844592982
51.856	0.498570819791717
51.896	0.493670840267193
51.936	0.510548713088542
51.976	0.502925836783318
52.016	0.501837614725392
52.056	0.496392885543936
52.096	0.489314971771634
52.136	0.513814656518258
52.176	0.516537553298959
52.216	0.504014910345203
52.256	0.500748754039496
52.297	0.506737594249913
52.339	0.500203791506574
52.38	0.492581766705309
52.42	0.502381725754355
52.46	0.512725795832364
52.5	0.508370778840763
52.54	0.515448692613065
52.58	0.511092611241516
52.62	0.523614615567304
52.66	0.511092611241516
52.7	0.507281705278878
52.74	0.515992590766039
52.78	0.512181684803401
52.82	0.524703689129189
52.86	0.508370778840763
52.9	0.49911493082068
52.94	0.506737594249913
52.98	0.520892570290562
53.02	0.501292865068459
53.06	0.499659680477611
53.1	0.518170525013818
53.14	0.502381725754355
53.18	0.51435961905118
53.22	0.507825816307841
53.26	0.506737594249913
53.3	0.498025857258795
53.341	0.492581766705309
53.381	0.514903730080143
53.421	0.493670840267193
53.461	0.508914676993735
53.501	0.510548713088542
53.541	0.50347079931624
53.581	0.521981643852447
53.621	0.494759700953088
53.661	0.505103771031097
53.702	0.515448692613065
53.742	0.501292865068459
53.782	0.506737594249913
53.822	0.509459639526657
53.862	0.506192844592982
53.902	0.502381725754355
53.942	0.489859934304555
53.982	0.498025857258795
54.022	0.495303811982051
54.063	0.504014910345203
54.103	0.51000375055562
54.144	0.502381725754355
54.184	0.513814656518258
54.224	0.493670840267193
54.265	0.504014910345203
54.305	0.51435961905118
54.345	0.505103771031097
54.385	0.505648733564019
54.426	0.488225898209749
54.466	0.495303811982051
54.506	0.48659292649489
54.547	0.500748754039496
54.588	0.492581766705309
54.629	0.518714636042781
54.669	0.501837614725392
54.709	0.469171155520567
54.749	0.498025857258795
54.789	0.483870881218147
54.829	0.483870881218147
54.873	0.480059975255509
54.914	0.506737594249913
54.955	0.490403832457529
54.996	0.479515012722588
55.037	0.479515012722588
55.079	0.474070922169101
55.129	0.504014910345203
55.179	0.474615033198064
55.219	0.502381725754355
55.259	0.48877086074267
55.299	0.489859934304555
55.349	0.487682000056775
55.399	0.480059975255509
55.439	0.487137889027811
55.479	0.487137889027811
55.519	0.496937848076858
55.559	0.496937848076858
55.599	0.482782020532251
55.639	0.482782020532251
55.679	0.489314971771634
55.729	0.491492906019413
55.769	0.493670840267193
55.809	0.500748754039496
55.857	0.512725795832364
55.9	0.477882041007728
55.956	0.497481746229832
56.0	0.482782020532251
56.04	0.498570819791717
56.083	0.499659680477611
56.133	0.489314971771634
56.183	0.495303811982051
56.232	0.486048815465927
56.273	0.502925836783318
56.317	0.490403832457529
56.367	0.494759700953088
56.423	0.48877086074267
56.467	0.477337929978765
56.517	0.468626192987647
56.565	0.484959954780032
56.616	0.478426152036693
56.657	0.493125877734272
56.7	0.495848774514973
56.74	0.470804127235426
56.783	0.499659680477611
56.833	0.48877086074267
56.884	0.480059975255509
56.934	0.482782020532251
56.989	0.492037868552335
57.034	0.480059975255509
57.084	0.485504065808995
57.128	0.480059975255509
57.183	0.481692946970367
57.223	0.487137889027811
57.269	0.488225898209749
57.322	0.50347079931624
57.367	0.474070922169101
57.417	0.470804127235426
57.467	0.480059975255509
57.517	0.48877086074267
57.569	0.483326131561216
57.619	0.486048815465927
57.659	0.494759700953088
57.699	0.484959954780032
57.739	0.490403832457529
57.779	0.477882041007728
57.819	0.481148835941404
57.859	0.492581766705309
57.899	0.48659292649489
57.949	0.489314971771634
57.999	0.492037868552335
58.047	0.477337929978765
58.094	0.477337929978765
58.139	0.495303811982051
58.191	0.49094879499045
58.232	0.49094879499045
58.273	0.482237909503288
58.319	0.472982061483205
58.365	0.48877086074267
58.406	0.47352617251217
58.451	0.501292865068459
58.492	0.476792967445845
58.538	0.481692946970367
58.579	0.489859934304555
58.619	0.494759700953088
58.659	0.482237909503288
58.704	0.483326131561216
58.744	0.47352617251217
58.785	0.478426152036693
58.826	0.500203791506574
58.866	0.466449110243825
58.907	0.456649151194779
58.948	0.475159995730986
58.989	0.468626192987647
59.029	0.489859934304555
59.069	0.471892987921322
59.109	0.480604086284472
59.149	0.460460057157417
59.189	0.452838245232141
59.229	0.457193262223742
59.269	0.471349089768348
59.309	0.460460057157417
59.349	0.487682000056775
59.389	0.469715053673541
59.429	0.459915307500486
59.469	0.460460057157417
59.509	0.451749171670256
59.549	0.458826233938601
59.591	0.455560077632894
59.637	0.469715053673541
59.684	0.471349089768348
59.724	0.476792967445845
59.779	0.470260016206463
59.819	0.441404462964278
59.865	0.458282122909638
59.911	0.463182102434161
59.964	0.472982061483205
60.01	0.471349089768348
60.051	0.470804127235426
60.097	0.463182102434161
60.145	0.464815287025009
60.185	0.466993221272788
60.234	0.480604086284472
60.284	0.468626192987647
60.334	0.469171155520567
60.374	0.449571237422477
60.422	0.47352617251217
60.467	0.469171155520567
60.509	0.476248856416881
60.559	0.469171155520567
60.599	0.469171155520567
60.639	0.476248856416881
60.687	0.460460057157417
60.736	0.457193262223742
60.777	0.459371196471523
60.825	0.470804127235426
60.866	0.464271175996044
60.928	0.460460057157417
60.973	0.471349089768348
61.021	0.463182102434161
61.061	0.451204209137334
61.102	0.445215368926917
61.142	0.463726213463124
61.188	0.460460057157417
61.237	0.447938265707617
61.278	0.455560077632894
61.318	0.456104188661857
61.359	0.456104188661857
61.399	0.47352617251217
61.439	0.47352617251217
61.483	0.47352617251217
61.539	0.460460057157417
61.585	0.445760331459838
61.637	0.445215368926917
61.684	0.443038286183094
61.738	0.444126295365032
61.785	0.452293282699219
61.839	0.43759334412565
61.886	0.446304442488801
61.94	0.449571237422477
61.995	0.458282122909638
62.037	0.447393303174696
62.078	0.447938265707617
62.119	0.444671257897953
62.168	0.447938265707617
62.209	0.445215368926917
62.259	0.451204209137334
62.299	0.446304442488801
62.339	0.443038286183094
62.379	0.443038286183094
62.419	0.435960372410792
62.459	0.437049233096687
62.499	0.444126295365032
62.539	0.451204209137334
62.585	0.440860351935315
62.635	0.432149466448154
62.684	0.449026274889555
62.726	0.451749171670256
62.77	0.433782438163011
62.817	0.43759334412565
62.858	0.446304442488801
62.899	0.465904147710903
62.939	0.432149466448154
62.979	0.451204209137334
63.019	0.444126295365032
63.059	0.444671257897953
63.099	0.440860351935315
63.139	0.437049233096687
63.179	0.455560077632894
63.219	0.447938265707617
63.259	0.44194921262121
63.299	0.437049233096687
63.339	0.464815287025009
63.379	0.453926254414078
63.419	0.436504483439755
63.459	0.466449110243825
63.499	0.440315389402394
63.539	0.436504483439755
63.579	0.441404462964278
63.619	0.433782438163011
63.659	0.433238327134048
63.699	0.430515430353347
63.739	0.437049233096687
63.779	0.438138306658571
63.819	0.446849192145733
63.869	0.446304442488801
63.909	0.437049233096687
63.949	0.423438368085002
63.989	0.432149466448154
64.029	0.44194921262121
64.069	0.428338347609525
64.109	0.428338347609525
64.149	0.45066031098436
64.189	0.438682417687534
64.229	0.43541540987787
64.269	0.435960372410792
64.319	0.429426569667453
64.359	0.429426569667453
64.399	0.451204209137334
64.449	0.43759334412565
64.489	0.436504483439755
64.529	0.432149466448154
64.572	0.43541540987787
64.612	0.45066031098436
64.652	0.448482376736581
64.693	0.44194921262121
64.734	0.445215368926917
64.774	0.444126295365032
64.815	0.449571237422477
64.856	0.433782438163011
64.899	0.430515430353347
64.939	0.447393303174696
64.979	0.446304442488801
65.019	0.43541540987787
65.059	0.435960372410792
65.099	0.438138306658571
65.139	0.440860351935315
65.184	0.434871298848907
65.228	0.446304442488801
65.269	0.447393303174696
65.309	0.446849192145733
65.349	0.447393303174696
65.389	0.438682417687534
65.429	0.446849192145733
65.469	0.432149466448154
65.509	0.434326549191976
65.549	0.45066031098436
65.589	0.444126295365032
65.629	0.425615450828824
65.679	0.445760331459838
65.719	0.438682417687534
65.759	0.436504483439755
65.799	0.436504483439755
65.839	0.430515430353347
65.879	0.431604503915232
65.919	0.431604503915232
65.959	0.44194921262121
65.999	0.429426569667453
66.039	0.432149466448154
66.079	0.42507155267585
66.119	0.436504483439755
66.159	0.436504483439755
66.209	0.45066031098436
66.249	0.441404462964278
66.289	0.435960372410792
66.329	0.430515430353347
66.379	0.43977127837343
66.419	0.431060392886269
66.459	0.443582397212058
66.499	0.45066031098436
66.539	0.423982479113965
66.579	0.430515430353347
66.619	0.420715684180292
66.659	0.438682417687534
66.699	0.447393303174696
66.739	0.462637991405196
66.779	0.429971532200373
66.819	0.45011534845144
66.859	0.425615450828824
66.899	0.42452659014293
66.939	0.444126295365032
66.979	0.425615450828824
67.019	0.422349507399108
67.059	0.428338347609525
67.099	0.44194921262121
67.139	0.430515430353347
67.179	0.433782438163011
67.219	0.43977127837343
67.259	0.414182520064921
67.299	0.426704524390709
67.339	0.434326549191976
67.379	0.420715684180292
67.419	0.433782438163011
67.459	0.434326549191976
67.499	0.400026905396304
67.539	0.411460474788177
67.579	0.41200458581714
67.619	0.44194921262121
67.659	0.426160413361746
67.699	0.428338347609525
67.739	0.414182520064921
67.779	0.410915725131246
67.819	0.419082499589442
67.859	0.416904565341663
67.899	0.413093659379025
67.939	0.426160413361746
67.979	0.422349507399108
68.019	0.406560708139643
68.059	0.413093659379025
68.099	0.422349507399108
68.139	0.406560708139643
68.179	0.418538388560479
68.219	0.420171573151327
68.264	0.416904565341663
68.304	0.423438368085002
68.345	0.421804544866186
68.385	0.41200458581714
68.426	0.410915725131246
68.466	0.394037852309897
68.507	0.402749589301016
68.548	0.413093659379025
68.589	0.407104606292617
68.629	0.407649568825539
68.669	0.394037852309897
68.709	0.395126925871781
68.749	0.399482794367341
68.789	0.419626610618407
68.829	0.406560708139643
68.869	0.411460474788177
68.909	0.416904565341663
68.949	0.407649568825539
68.989	0.4011157660822
69.029	0.404382773891864
69.069	0.409826651569361
69.109	0.422893618428071
69.149	0.42507155267585
69.189	0.417449527874585
69.229	0.43759334412565
69.269	0.420171573151327
69.309	0.419082499589442
69.349	0.4163604543127
69.389	0.423438368085002
69.429	0.415271593626804
69.469	0.417449527874585
69.509	0.437049233096687
69.549	0.422349507399108
69.589	0.426160413361746
69.629	0.430515430353347
69.669	0.403293700329979
69.709	0.417449527874585
69.749	0.431604503915232
69.789	0.422893618428071
69.829	0.420715684180292
69.869	0.418538388560479
69.909	0.417449527874585
69.949	0.440860351935315
69.989	0.43541540987787
70.039	0.444671257897953
70.079	0.433238327134048
70.139	0.426704524390709
70.179	0.405471634577759
70.219	0.403293700329979
70.259	0.427793385076605
70.299	0.421260433837223
70.339	0.421804544866186
70.389	0.427793385076605
70.429	0.439226528716498
70.469	0.421260433837223
70.509	0.413637770407988
70.549	0.414726631093884
70.589	0.415815704655769
70.629	0.431060392886269
70.669	0.42452659014293
70.709	0.40166072861512
70.749	0.417449527874585
70.789	0.409826651569361
70.829	0.404382773891864
70.869	0.376616081335573
70.909	0.403837811358942
70.949	0.39294963025197
70.999	0.394037852309897
71.039	0.394037852309897
71.079	0.396760749090598
71.129	0.394582814842817
71.169	0.410371614102281
71.209	0.411460474788177
71.249	0.392404880595038
71.289	0.414726631093884
71.329	0.391860769566075
71.369	0.398393720805456
71.419	0.406015745606723
71.459	0.387504901070515
71.499	0.39294963025197
71.539	0.396215786557677
71.579	0.396215786557677
71.619	0.398393720805456
71.659	0.395126925871781
71.699	0.373349925029868
71.739	0.38859376175641
71.779	0.396215786557677
71.819	0.388049863603435
71.859	0.414182520064921
71.899	0.397849609776493
71.939	0.377704942021469
71.979	0.413093659379025
72.019	0.393493741280933
72.059	0.390226946347258
72.099	0.38641582750863
72.139	0.396760749090598
72.189	0.405471634577759
72.229	0.383693995107877
72.269	0.382604921545992
72.309	0.387504901070515
72.349	0.398937831834419
72.389	0.396215786557677
72.429	0.383149884078914
72.469	0.399482794367341
72.509	0.38641582750863
72.549	0.383149884078914
72.589	0.37552700777369
72.629	0.397304860119561
72.669	0.397304860119561
72.709	0.403837811358942
72.749	0.396760749090598
72.789	0.389682835318294
72.829	0.402749589301016
72.869	0.404926672044838
72.909	0.384237893260851
72.949	0.39077169600419
72.989	0.405471634577759
73.029	0.407104606292617
73.069	0.413093659379025
73.109	0.411460474788177
73.149	0.406015745606723
73.189	0.400026905396304
73.229	0.404926672044838
73.269	0.406560708139643
73.309	0.410371614102281
73.349	0.410371614102281
73.389	0.410915725131246
73.429	0.385326966822734
73.469	0.390226946347258
73.509	0.398393720805456
73.549	0.391860769566075
73.589	0.402749589301016
73.629	0.409282540540398
73.669	0.396215786557677
73.709	0.391315807033153
73.749	0.379337913736328
73.799	0.403293700329979
73.839	0.394037852309897
73.879	0.38859376175641
73.919	0.408737790883465
73.959	0.408737790883465
74.004	0.395671675528713
74.054	0.374982896744725
74.094	0.384782855793771
74.134	0.404382773891864
74.174	0.396760749090598
74.214	0.384237893260851
74.255	0.389137872785374
74.296	0.370627028249167
74.336	0.396215786557677
74.377	0.384237893260851
74.418	0.370082917220202
74.459	0.394582814842817
74.509	0.379337913736328
74.549	0.406560708139643
74.589	0.400571655053236
74.629	0.379337913736328
74.669	0.395126925871781
74.709	0.383149884078914
74.749	0.383693995107877
74.799	0.386960790041552
74.849	0.384782855793771
74.899	0.402749589301016
74.939	0.382604921545992
74.979	0.394037852309897
75.019	0.361372031733041
75.059	0.393493741280933
75.099	0.378249904554391
75.139	0.385326966822734
75.179	0.383149884078914
75.219	0.38641582750863
75.259	0.383693995107877
75.308	0.380426987298213
75.348	0.382604921545992
75.389	0.385326966822734
75.439	0.384782855793771
75.479	0.377704942021469
75.529	0.37607197030661
75.569	0.379882876269248
75.619	0.398937831834419
75.659	0.381516060860096
75.699	0.387504901070515
75.739	0.395671675528713
75.779	0.376616081335573
75.819	0.374982896744725
75.859	0.362461105294926
75.899	0.379882876269248
75.939	0.380426987298213
75.979	0.384237893260851
76.019	0.385871929355656
76.059	0.408193679854502
76.1	0.374982896744725
76.149	0.389682835318294
76.189	0.404926672044838
76.229	0.397849609776493
76.269	0.395671675528713
76.309	0.387504901070515
76.349	0.371716101811052
76.399	0.384237893260851
76.439	0.384237893260851
76.484	0.388049863603435
76.529	0.37552700777369
76.569	0.397304860119561
76.609	0.407649568825539
76.649	0.394582814842817
76.699	0.391860769566075
76.739	0.37607197030661
76.789	0.38641582750863
76.829	0.38859376175641
76.869	0.399482794367341
76.909	0.397849609776493
76.949	0.397849609776493
76.989	0.408737790883465
77.029	0.397304860119561
77.069	0.39294963025197
77.109	0.391315807033153
77.149	0.376616081335573
77.189	0.391315807033153
77.229	0.413637770407988
77.269	0.408193679854502
77.309	0.396215786557677
77.349	0.386960790041552
77.389	0.382060810517029
77.429	0.397849609776493
77.469	0.4011157660822
77.509	0.380426987298213
77.549	0.385326966822734
77.589	0.402749589301016
77.629	0.37552700777369
77.669	0.394037852309897
77.719	0.391315807033153
77.759	0.391315807033153
77.799	0.389137872785374
77.839	0.389137872785374
77.879	0.380426987298213
77.919	0.380426987298213
77.959	0.37607197030661
77.999	0.379882876269248
78.049	0.394037852309897
78.099	0.395126925871781
78.139	0.377704942021469
78.179	0.365727048724644
78.219	0.387504901070515
78.259	0.381516060860096
78.299	0.37552700777369
78.349	0.378249904554391
78.389	0.40166072861512
78.429	0.39077169600419
78.469	0.385326966822734
78.509	0.368994056534308
78.549	0.346672093159473
78.589	0.378794015583354
78.629	0.380426987298213
78.669	0.396760749090598
78.709	0.382060810517029
78.749	0.388049863603435
78.789	0.383693995107877
78.829	0.370627028249167
78.869	0.374438147087794
78.909	0.396760749090598
78.959	0.393493741280933
78.999	0.369538167563271
79.039	0.369538167563271
79.079	0.355927302551587
79.119	0.363549965980822
79.159	0.373894036058831
79.199	0.3630050034479
79.239	0.380426987298213
79.279	0.380426987298213
79.319	0.381516060860096
79.368	0.367904982972423
79.409	0.364094077009785
79.449	0.371171990782087
79.489	0.382604921545992
79.529	0.366816122286529
79.569	0.360283171047147
79.609	0.376616081335573
79.649	0.368994056534308
79.689	0.370082917220202
79.739	0.362461105294926
79.789	0.371716101811052
79.829	0.378794015583354
79.869	0.374438147087794
79.909	0.359738208514225
79.959	0.363549965980822
79.999	0.372260851467983
80.039	0.372260851467983
80.079	0.381516060860096
80.129	0.36518315057167
80.179	0.391315807033153
80.219	0.370082917220202
80.259	0.38641582750863
80.299	0.391860769566075
80.339	0.393493741280933
80.379	0.377704942021469
80.419	0.383149884078914
80.459	0.381516060860096
80.499	0.39294963025197
80.539	0.378794015583354
80.579	0.376616081335573
80.619	0.369538167563271
80.669	0.371171990782087
80.709	0.396215786557677
80.749	0.37552700777369
80.789	0.391315807033153
80.829	0.406015745606723
80.869	0.384782855793771
80.909	0.408737790883465
80.959	0.370627028249167
80.999	0.377704942021469
81.039	0.389137872785374
81.079	0.372260851467983
81.119	0.372260851467983
81.159	0.376616081335573
81.209	0.377160830992506
81.259	0.376616081335573
81.299	0.385871929355656
81.339	0.373894036058831
81.389	0.382060810517029
81.429	0.379882876269248
81.479	0.37552700777369
81.519	0.374438147087794
81.569	0.383149884078914
81.618	0.386960790041552
81.659	0.389682835318294
81.709	0.365727048724644
81.749	0.38641582750863
81.789	0.379882876269248
81.829	0.374438147087794
81.87	0.383149884078914
81.916	0.383693995107877
81.964	0.384237893260851
82.011	0.380971949831133
82.058	0.359738208514225
82.103	0.378794015583354
82.149	0.374438147087794
82.195	0.371171990782087
82.243	0.379882876269248
82.289	0.371171990782087
82.337	0.37552700777369
82.378	0.368449945505345
82.419	0.378249904554391
82.459	0.369538167563271
82.509	0.38641582750863
82.549	0.359194097485262
82.589	0.368449945505345
82.639	0.379882876269248
82.679	0.368449945505345
82.719	0.377160830992506
82.759	0.377160830992506
82.799	0.352116183712959
82.859	0.366272011257564
82.899	0.365727048724644
82.939	0.360283171047147
82.979	0.365727048724644
83.019	0.365727048724644
83.059	0.348850240283241
83.099	0.361372031733041
83.149	0.361916142762006
83.199	0.347761166721357
83.239	0.347761166721357
83.279	0.347761166721357
83.339	0.351027323027064
83.379	0.368449945505345
83.419	0.329794433214114
83.459	0.366272011257564
83.499	0.357561125770403
83.539	0.359194097485262
83.579	0.352116183712959
83.619	0.371716101811052
83.659	0.355927302551587
83.699	0.365727048724644
83.739	0.370627028249167
83.779	0.36518315057167
83.819	0.357016163237483
83.859	0.374982896744725
83.899	0.359738208514225
83.939	0.383149884078914
83.979	0.372260851467983
84.019	0.368449945505345
84.059	0.348305277750321
84.109	0.353750006931776
84.149	0.363549965980822
84.189	0.366816122286529
84.229	0.351027323027064
84.269	0.368994056534308
84.309	0.357016163237483
84.349	0.371716101811052
84.389	0.371171990782087
84.439	0.343405298225798
84.479	0.372804962496946
84.527	0.372804962496946
84.579	0.377160830992506
84.619	0.376616081335573
84.659	0.354838228989702
84.709	0.360283171047147
84.749	0.359194097485262
84.789	0.36518315057167
84.829	0.348850240283241
84.869	0.357561125770403
84.909	0.353205257274844
84.949	0.361372031733041
84.989	0.355383191522624
85.029	0.347761166721357
85.069	0.343950260758718
85.109	0.354838228989702
85.149	0.35266114624588
85.189	0.359738208514225
85.229	0.374438147087794
85.269	0.363549965980822
85.309	0.348850240283241
85.349	0.361916142762006
85.389	0.353750006931776
85.429	0.366272011257564
85.479	0.359738208514225
85.519	0.345583232473577
85.559	0.357016163237483
85.599	0.357016163237483
85.639	0.336327384453494
85.679	0.361916142762006
85.719	0.361916142762006
85.759	0.366816122286529
85.799	0.372260851467983
85.839	0.355383191522624
85.879	0.351027323027064
85.919	0.351572072683996
85.959	0.364094077009785
85.999	0.364094077009785
86.039	0.368994056534308
86.079	0.368994056534308
86.119	0.354838228989702
86.159	0.362461105294926
86.199	0.345038269940656
86.239	0.360827069200121
86.279	0.354294117960739
86.319	0.373349925029868
86.359	0.349938249465179
86.399	0.37552700777369
86.439	0.37552700777369
86.479	0.347761166721357
86.519	0.355927302551587
86.559	0.354838228989702
86.599	0.3504832119981
86.639	0.35266114624588
86.679	0.357016163237483
86.719	0.353205257274844
86.769	0.360283171047147
86.819	0.351572072683996
86.859	0.348850240283241
86.899	0.370082917220202
86.939	0.365727048724644
86.979	0.364638188038748
87.019	0.361372031733041
87.059	0.371171990782087
87.099	0.361916142762006
87.139	0.3630050034479
87.179	0.366272011257564
87.219	0.363549965980822
87.259	0.367904982972423
87.299	0.36518315057167
87.339	0.3352385237676
87.379	0.3504832119981
87.419	0.346127343502541
87.459	0.342316224663913
87.499	0.358105236799367
87.539	0.370627028249167
87.579	0.354838228989702
87.619	0.351572072683996
87.659	0.358649986456299
87.699	0.339050281234195
87.739	0.361372031733041
87.779	0.364094077009785
87.819	0.353205257274844
87.859	0.366816122286529
87.899	0.348305277750321
87.939	0.352116183712959
87.979	0.35266114624588
88.019	0.352116183712959
88.059	0.346127343502541
88.099	0.364094077009785
88.139	0.346672093159473
88.179	0.3352385237676
88.219	0.349394138436216
88.259	0.348850240283241
88.299	0.340683252949054
88.339	0.354294117960739
88.379	0.346127343502541
88.419	0.357561125770403
88.459	0.35266114624588
88.499	0.349394138436216
88.539	0.341772326510939
88.579	0.35266114624588
88.619	0.3504832119981
88.659	0.35266114624588
88.699	0.361372031733041
88.739	0.341772326510939
88.779	0.338505318701275
88.819	0.351027323027064
88.859	0.3630050034479
88.899	0.348305277750321
88.939	0.348305277750321
88.979	0.349394138436216
89.019	0.3504832119981
89.059	0.354838228989702
89.099	0.347216204188436
89.139	0.341227363978018
89.179	0.354294117960739
89.219	0.347761166721357
89.259	0.352116183712959
89.299	0.368449945505345
89.339	0.336872346986416
89.379	0.336872346986416
89.419	0.342861187196835
89.459	0.324350342660628
89.499	0.333605339176752
89.539	0.343950260758718
89.579	0.348850240283241
89.619	0.334694412738637
89.659	0.347216204188436
89.699	0.35266114624588
89.739	0.344494158911693
89.779	0.354294117960739
89.819	0.341227363978018
89.859	0.32652742540445
89.899	0.336872346986416
89.939	0.344494158911693
89.979	0.342861187196835
90.019	0.338505318701275
90.059	0.346672093159473
90.099	0.346127343502541
90.139	0.340138290416134
90.179	0.340138290416134
90.219	0.336327384453494
90.259	0.325438564718554
90.299	0.340683252949054
90.339	0.324894453689591
90.379	0.325983314375485
90.419	0.341227363978018
90.469	0.342861187196835
90.509	0.351027323027064
90.549	0.345583232473577
90.589	0.341772326510939
90.639	0.343950260758718
90.679	0.349394138436216
90.719	0.3352385237676
90.759	0.340138290416134
90.799	0.355383191522624
90.839	0.353750006931776
90.879	0.330883293900008
90.919	0.324350342660628
90.959	0.354838228989702
90.999	0.333605339176752
91.049	0.357561125770403
91.098	0.349394138436216
91.139	0.358649986456299
91.179	0.349938249465179
91.219	0.3352385237676
91.259	0.336327384453494
91.299	0.343405298225798
91.349	0.331427404928971
91.399	0.342316224663913
91.439	0.334694412738637
91.479	0.329250322185151
91.519	0.312916560392766
91.559	0.340683252949054
91.599	0.342316224663913
91.639	0.349394138436216
91.679	0.341772326510939
91.719	0.345583232473577
91.759	0.337961207672312
91.799	0.31182769970687
91.839	0.331972367461893
91.879	0.325983314375485
91.919	0.337961207672312
91.959	0.354838228989702
91.999	0.324894453689591
92.049	0.31182769970687
92.099	0.331972367461893
92.149	0.318361502450209
92.189	0.328161248623266
92.229	0.336327384453494
92.269	0.346127343502541
92.309	0.349394138436216
92.349	0.344494158911693
92.389	0.337416458015379
92.429	0.3352385237676
92.469	0.342861187196835
92.509	0.339050281234195
92.549	0.355383191522624
92.589	0.3352385237676
92.629	0.346127343502541
92.669	0.357016163237483
92.709	0.338505318701275
92.749	0.351027323027064
92.799	0.355927302551587
92.839	0.360827069200121
92.879	0.356472052208518
92.919	0.349938249465179
92.959	0.347216204188436
92.999	0.342316224663913
93.039	0.333061228147789
93.079	0.354294117960739
93.119	0.367904982972423
93.169	0.3352385237676
93.209	0.3352385237676
93.249	0.348305277750321
93.289	0.343950260758718
93.329	0.331972367461893
93.369	0.346672093159473
93.409	0.349394138436216
93.449	0.349394138436216
93.489	0.331972367461893
93.529	0.331972367461893
93.569	0.339050281234195
93.618	0.334694412738637
93.669	0.349938249465179
93.709	0.343405298225798
93.749	0.331972367461893
93.789	0.331427404928971
93.829	0.343405298225798
93.869	0.330338544243077
93.909	0.341227363978018
93.949	0.334694412738637
93.989	0.349938249465179
94.029	0.329794433214114
94.079	0.340683252949054
94.119	0.338505318701275
94.159	0.351572072683996
94.199	0.351027323027064
94.239	0.355927302551587
94.279	0.367904982972423
94.319	0.347761166721357
94.359	0.340683252949054
94.399	0.342316224663913
94.439	0.336872346986416
94.479	0.346127343502541
94.519	0.33959439226316
94.569	0.317272428888324
94.619	0.324350342660628
94.659	0.336327384453494
94.709	0.32707238793737
94.749	0.31618356820243
94.789	0.327616498966333
94.839	0.343950260758718
94.879	0.3352385237676
94.929	0.333061228147789
94.969	0.330883293900008
95.009	0.325983314375485
95.049	0.310194515116022
95.089	0.324350342660628
95.129	0.32707238793737
95.169	0.330883293900008
95.214	0.335783273424531
95.259	0.333605339176752
95.309	0.319450363136105
95.349	0.323261481974732
95.399	0.319994474165068
95.439	0.334694412738637
95.479	0.329250322185151
95.519	0.340138290416134
95.559	0.340138290416134
95.599	0.336327384453494
95.639	0.339050281234195
95.679	0.331427404928971
95.728	0.336327384453494
95.779	0.353750006931776
95.819	0.341772326510939
95.859	0.348850240283241
95.899	0.3352385237676
95.939	0.332516478490856
95.979	0.327616498966333
96.019	0.329794433214114
96.069	0.330338544243077
96.109	0.353750006931776
96.149	0.324894453689591
96.189	0.330883293900008
96.229	0.333061228147789
96.269	0.331427404928971
96.309	0.333605339176752
96.349	0.328161248623266
96.389	0.324350342660628
96.429	0.336872346986416
96.469	0.325983314375485
96.509	0.341227363978018
96.549	0.328161248623266
96.589	0.337961207672312
96.629	0.33959439226316
96.669	0.334150301709672
96.719	0.306383609153383
96.759	0.341772326510939
96.799	0.331427404928971
96.839	0.328705359652229
96.879	0.331972367461893
96.919	0.340138290416134
96.969	0.332516478490856
97.009	0.336872346986416
97.058	0.328161248623266
97.099	0.338505318701275
97.139	0.328161248623266
97.179	0.32271651944181
97.219	0.330338544243077
97.259	0.328705359652229
97.299	0.325983314375485
97.339	0.333061228147789
97.379	0.342316224663913
97.429	0.318905613479172
97.469	0.328161248623266
97.509	0.336327384453494
97.559	0.347761166721357
97.609	0.325438564718554
97.649	0.325438564718554
97.689	0.328705359652229
97.739	0.324350342660628
97.779	0.322172408412847
97.819	0.321627445879927
97.859	0.333061228147789
97.899	0.334150301709672
97.939	0.330338544243077
97.979	0.30148362962886
98.019	0.325438564718554
98.059	0.314005633954649
98.099	0.322172408412847
98.148	0.322172408412847
98.189	0.3352385237676
98.229	0.32652742540445
98.269	0.32707238793737
98.309	0.32652742540445
98.349	0.32271651944181
98.389	0.344494158911693
98.429	0.32707238793737
98.469	0.32652742540445
98.509	0.330883293900008
98.549	0.32707238793737
98.589	0.311283588677907
98.629	0.317272428888324
98.669	0.312916560392766
98.719	0.323261481974732
98.769	0.320538585194031
98.809	0.342316224663913
98.859	0.344494158911693
98.899	0.329794433214114
98.939	0.329250322185151
98.979	0.32271651944181
99.019	0.336872346986416
99.059	0.32271651944181
99.099	0.334150301709672
99.139	0.331972367461893
99.179	0.332516478490856
99.219	0.306383609153383
99.259	0.315094494640545
99.299	0.348850240283241
99.339	0.324350342660628
99.379	0.308016580868243
99.419	0.334694412738637
99.459	0.322172408412847
99.499	0.315094494640545
99.539	0.307472469839278
99.589	0.313461522925686
99.629	0.324894453689591
99.679	0.325983314375485
99.738	0.306927720182347
99.779	0.314550383611582
99.819	0.313461522925686
99.869	0.31618356820243
99.909	0.324350342660628
99.949	0.300394768942965
99.999	0.310738626144985
100.039	0.30964976545909
100.089	0.325983314375485
100.129	0.305838646620462
100.169	0.320538585194031
100.209	0.320538585194031
100.249	0.300394768942965
100.299	0.316727679231393
100.339	0.305838646620462
100.379	0.321083547726953
100.424	0.30366156387664
100.469	0.315094494640545
100.509	0.330338544243077
100.558	0.306927720182347
100.599	0.32707238793737
100.639	0.317272428888324
100.679	0.306927720182347
100.719	0.306383609153383
100.759	0.31618356820243
100.799	0.317272428888324
100.839	0.335783273424531
100.879	0.321627445879927
100.919	0.328705359652229
100.959	0.324894453689591
100.999	0.315638605669508
101.059	0.32271651944181
101.099	0.32707238793737
101.139	0.315638605669508
101.179	0.328705359652229
101.219	0.2971277611333
101.269	0.314005633954649
101.309	0.329250322185151
101.359	0.302572703190745
101.399	0.308016580868243
101.439	0.315094494640545
101.479	0.328705359652229
101.519	0.313461522925686
101.559	0.317816539917289
101.599	0.310194515116022
101.639	0.30964976545909
101.689	0.32271651944181
101.729	0.31618356820243
101.769	0.315094494640545
101.809	0.319450363136105
101.849	0.319450363136105
101.889	0.342316224663913
101.929	0.308561543401163
101.969	0.311283588677907
102.019	0.310194515116022
102.059	0.30366156387664
102.099	0.333605339176752
102.139	0.333061228147789
102.189	0.320538585194031
102.239	0.318361502450209
102.279	0.314550383611582
102.319	0.315638605669508
102.369	0.335783273424531
102.424	0.316727679231393
102.468	0.309105654430127
102.509	0.317272428888324
102.549	0.304205674905604
102.589	0.322172408412847
102.629	0.304749785934567
102.669	0.32271651944181
102.709	0.299305695381081
102.749	0.311283588677907
102.789	0.293316855170662
102.839	0.319450363136105
102.879	0.310738626144985
102.928	0.304205674905604
102.969	0.299305695381081
103.019	0.314550383611582
103.059	0.309105654430127
103.099	0.306927720182347
103.139	0.302572703190745
103.179	0.321627445879927
103.219	0.310738626144985
103.259	0.324350342660628
103.309	0.325983314375485
103.349	0.313461522925686
103.389	0.324894453689591
103.429	0.314550383611582
103.479	0.323261481974732
103.519	0.314550383611582
103.559	0.32271651944181
103.599	0.321627445879927
103.639	0.329250322185151
103.679	0.342316224663913
103.719	0.340683252949054
103.759	0.336872346986416
103.799	0.318905613479172
103.839	0.329794433214114
103.879	0.341772326510939
103.919	0.337416458015379
103.959	0.320538585194031
103.999	0.31182769970687
104.039	0.315638605669508
104.079	0.316727679231393
104.119	0.315638605669508
104.159	0.302572703190745
104.199	0.309105654430127
104.239	0.318905613479172
104.279	0.306383609153383
104.319	0.317816539917289
104.359	0.321627445879927
104.399	0.328161248623266
104.449	0.330338544243077
104.489	0.337416458015379
104.529	0.317272428888324
104.569	0.317272428888324
104.609	0.312916560392766
104.659	0.294949826885521
104.699	0.304749785934567
104.739	0.290049847360998
104.784	0.307472469839278
104.829	0.281338961873837
104.869	0.302027740657824
104.909	0.28623894139836
104.949	0.308561543401163
104.989	0.321627445879927
105.029	0.30366156387664
105.069	0.294949826885521
105.109	0.303116601343719
105.149	0.293316855170662
105.189	0.294949826885521
105.239	0.306927720182347
105.289	0.30366156387664
105.339	0.311283588677907
105.379	0.298216621819196
105.419	0.293861604827594
105.459	0.315094494640545
105.509	0.292227781608777
105.559	0.317272428888324
105.599	0.31618356820243
105.639	0.317272428888324
105.679	0.300938667095939
105.719	0.2971277611333
105.759	0.300394768942965
105.799	0.302027740657824
105.839	0.320538585194031
105.879	0.317816539917289
105.919	0.299305695381081
105.969	0.315638605669508
106.009	0.315638605669508
106.049	0.304749785934567
106.089	0.324894453689591
106.134	0.319994474165068
106.179	0.31618356820243
106.219	0.305838646620462
106.259	0.31182769970687
106.299	0.300394768942965
106.339	0.308561543401163
106.379	0.306383609153383
106.419	0.306383609153383
106.459	0.318361502450209
106.499	0.309105654430127
106.539	0.286783691055291
106.589	0.2971277611333
106.629	0.312916560392766
106.669	0.303116601343719
106.709	0.310738626144985
106.749	0.315094494640545
106.789	0.305294535591499
106.829	0.321627445879927
106.879	0.31182769970687
106.919	0.287327802084254
106.959	0.299849806410044
106.999	0.309105654430127
107.039	0.312916560392766
107.079	0.29059480989392
107.119	0.281883711530768
107.159	0.299305695381081
107.199	0.298216621819196
107.239	0.30148362962886
107.279	0.298761584352117
107.319	0.308016580868243
107.359	0.299305695381081
107.399	0.318905613479172
107.439	0.304749785934567
107.479	0.302027740657824
107.519	0.310738626144985
107.559	0.315638605669508
107.599	0.295494789418443
107.639	0.312916560392766
107.689	0.305294535591499
107.734	0.280249888311952
107.779	0.308016580868243
107.819	0.317816539917289
107.869	0.30964976545909
107.909	0.308561543401163
107.949	0.310738626144985
107.989	0.2971277611333
108.029	0.297672723666222
108.069	0.298216621819196
108.109	0.29059480989392
108.149	0.286783691055291
108.199	0.281883711530768
108.239	0.314550383611582
108.279	0.294405715856558
108.319	0.289505736332035
108.359	0.302027740657824
108.399	0.307472469839278
108.439	0.296583650104337
108.479	0.291683670579814
108.519	0.299305695381081
108.559	0.306927720182347
108.609	0.288416875646139
108.649	0.295494789418443
108.699	0.302572703190745
108.739	0.28623894139836
108.784	0.290049847360998
108.829	0.296038687571416
108.869	0.306383609153383
108.909	0.299305695381081
108.949	0.302027740657824
108.989	0.288416875646139
109.029	0.285149867836475
109.069	0.28623894139836
109.109	0.288416875646139
109.149	0.293861604827594
109.189	0.30366156387664
109.229	0.287872764617176
109.269	0.280249888311952
109.309	0.280794850844874
109.349	0.275894871320351
109.389	0.28623894139836
109.429	0.303116601343719
109.469	0.300938667095939
109.509	0.299305695381081
109.549	0.288416875646139
109.589	0.287872764617176
109.629	0.282427822559731
109.669	0.305294535591499
109.719	0.287327802084254
109.769	0.308016580868243
109.809	0.284061858654538
109.849	0.284061858654538
109.899	0.285694830369397
109.939	0.310738626144985
109.989	0.291683670579814
110.029	0.293861604827594
110.079	0.305294535591499
110.129	0.284061858654538
110.169	0.2971277611333
110.219	0.288961625303072
110.259	0.302572703190745
110.299	0.307472469839278
110.339	0.296038687571416
110.389	0.298761584352117
110.429	0.272083965357713
110.479	0.287872764617176
110.519	0.294949826885521
110.559	0.303116601343719
110.599	0.279705777282989
110.639	0.30366156387664
110.689	0.306927720182347
110.734	0.269361920080969
110.779	0.279705777282989
110.819	0.281883711530768
110.869	0.2971277611333
110.909	0.288961625303072
110.959	0.304749785934567
110.999	0.291683670579814
111.039	0.288416875646139
111.079	0.279705777282989
111.119	0.270994891795828
111.159	0.283516896121616
111.199	0.293861604827594
111.239	0.306383609153383
111.279	0.279705777282989
111.319	0.293861604827594
111.359	0.284061858654538
111.399	0.280249888311952
111.439	0.290049847360998
111.479	0.280794850844874
111.519	0.294405715856558
111.569	0.291138920922883
111.609	0.275894871320351
111.649	0.275894871320351
111.689	0.28623894139836
111.729	0.28623894139836
111.769	0.293861604827594
111.809	0.288961625303072
111.859	0.288961625303072
111.899	0.284605756807512
111.939	0.282972785092653
111.989	0.27752784303521
112.029	0.280249888311952
