Time (s)	PSI(P = 2 nW*um^-2)(a.u.) 
0.0	0.0161395285762471
0.04	0.0109745902583067
0.08	0.0228537262590558
0.121	0.0166556791154287
0.161	0.0238860273374205
0.201	0.0161395285762471
0.241	0.0078762734654
0.282	-0.0071011793282556
0.322	-0.0024529973599888
0.362	0.0032280914971332
0.402	-0.0086510445036159
0.443	0.0011620757825913
0.483	-0.0262106635509967
0.523	-0.0117493612965225
0.563	-0.0169142996144629
0.604	-0.0179474084401497
0.645	-0.0071011793282556
0.685	-0.0132992264718828
0.726	-0.0071011793282556
0.766	-0.0003869816454469
0.806	-0.0205295746938746
0.847	-0.0029699556464939
0.887	-0.006585028789074
0.928	-0.0045190130745321
0.968	-0.009167195042799
1.008	-0.0231117409475982
1.049	-0.0210457252330563
1.089	-0.0045190130745321
1.129	0.357004254193115
1.169	0.480955504097787
1.209	0.562556965748878
1.251	0.650355262922611
1.291	0.701484860699885
1.331	0.765526097493103
1.371	0.807360341017995
1.411	0.853841958763832
1.451	0.881213890350098
1.491	0.926662601207079
1.531	0.931310783175346
1.571	1.0
1.612	0.865720287017259
1.652	0.838347547683671
1.692	0.80322830958891
1.732	0.787217747969568
1.772	0.785668690541529
1.812	0.782053415462119
1.852	0.76810907149415
1.892	0.766559206318788
1.932	0.766559206318788
1.972	0.758812707557616
2.012	0.742285389588599
2.053	0.744351405303142
2.093	0.73712105708115
2.134	0.71956143803377
2.175	0.745384312191997
2.216	0.734021932540922
2.257	0.711298182922923
2.297	0.707682907843512
2.337	0.713880349176648
2.377	0.695803771842762
2.418	0.694254714414724
2.458	0.703034725875246
2.498	0.697869787557304
2.538	0.697869787557304
2.578	0.690123288796132
2.618	0.683409091113321
2.658	0.698386745843809
2.698	0.670497654034208
2.738	0.667914881969992
2.778	0.672046913399077
2.818	0.676695095367343
2.858	0.665849472065942
2.898	0.687540516731915
2.938	0.659651424922314
2.979	0.659651424922314
3.019	0.634861659589773
3.06	0.668431638319666
3.1	0.668431638319666
3.14	0.669464747145352
3.181	0.637443623906668
3.221	0.637443623906668
3.261	0.647773096668886
3.302	0.651388169811467
3.343	0.65345418552601
3.383	0.638992883271536
3.423	0.651905128097972
3.464	0.646223837304018
3.504	0.625048337366735
3.544	0.648806003557743
3.584	0.61523602482785
3.625	0.638992883271536
3.665	0.629180368795821
3.706	0.624016036288371
3.746	0.619368056256935
3.787	0.622983129399515
3.827	0.618334947431249
3.868	0.62556529565324
3.908	0.610587842859583
3.948	0.614719874288668
3.988	0.627631311367782
4.029	0.613170009113308
4.069	0.606455811430498
4.11	0.598709312669326
4.15	0.593544172414554
4.192	0.603357494637593
4.232	0.61885109797043
4.272	0.630213477621506
4.312	0.636927675304316
4.352	0.620400155398468
4.392	0.61162074974844
4.432	0.612653858574127
4.472	0.624532186827554
4.512	0.606455811430498
4.552	0.630213477621506
4.592	0.628664218256637
4.632	0.606972567780173
4.672	0.597159447493966
4.712	0.597159447493966
4.752	0.597159447493966
4.792	0.593544172414554
4.832	0.603873645176774
4.872	0.602324385811906
4.912	0.572885630763775
4.953	0.586830782479067
4.993	0.587863083557432
5.033	0.581665844161127
5.074	0.57340258905028
5.115	0.588896192383119
5.156	0.596127146415601
5.197	0.575984553367173
5.237	0.585797875590212
5.277	0.562556965748878
5.317	0.559458043145479
5.357	0.580116584796258
5.398	0.584248010414852
5.438	0.595094239526746
5.478	0.581665844161127
5.518	0.575468604764822
5.559	0.586830782479067
5.6	0.574951646478318
5.641	0.586830782479067
5.681	0.585797875590212
5.721	0.583214901589165
5.761	0.574435495939136
5.801	0.581665844161127
5.841	0.574435495939136
5.881	0.568237448795508
5.921	0.572369480224593
5.961	0.564622375652928
6.001	0.558424934319793
6.041	0.564622375652928
6.081	0.578050569081717
6.123	0.568237448795508
6.163	0.567205147717145
6.203	0.561007100573518
6.243	0.561007100573518
6.283	0.542931330986955
6.323	0.544996740891005
6.363	0.562556965748878
6.403	0.544996740891005
6.443	0.556875876891756
6.483	0.554809861177212
6.523	0.56617224082829
6.563	0.541381465811595
6.603	0.563073116288059
6.643	0.565655282541784
6.683	0.547579512955222
6.723	0.540865315272412
6.763	0.550161679208946
6.803	0.558941084858976
6.843	0.540348558922738
6.884	0.552227694923489
6.924	0.549644720922442
6.964	0.56617224082829
7.005	0.557392027430937
7.046	0.548612621780909
7.086	0.544996740891005
7.126	0.530536044447023
7.166	0.547062756605547
7.206	0.554809861177212
7.246	0.544480590351824
7.286	0.529503137558168
7.327	0.546029647779862
7.367	0.531052194986205
7.408	0.526920971304443
7.448	0.527953878193298
7.488	0.541898424098099
7.528	0.533635168987252
7.568	0.532085101875061
7.608	0.551194788034632
7.649	0.542931330986955
7.689	0.525887862478756
7.73	0.530536044447023
7.771	0.528986987018985
7.811	0.525887862478756
7.851	0.539832408383557
7.891	0.536733283843328
7.931	0.539316257844375
7.971	0.521755831049671
8.011	0.523305696225033
8.051	0.529503137558168
8.091	0.508328243431375
8.131	0.520723731908138
8.172	0.542931330986955
8.212	0.51452548282768
8.252	0.513492575938824
8.292	0.515042441114186
8.333	0.521239680510489
8.373	0.507811487081702
8.413	0.522272789336176
8.454	0.521239680510489
8.494	0.53156915327271
8.534	0.502647154574253
8.574	0.515042441114186
8.614	0.505229320827977
8.654	0.508328243431375
8.694	0.501097895209385
8.734	0.517107649081404
8.774	0.509361352257062
8.814	0.492834640098538
8.854	0.50419621200229
8.894	0.519690623082451
8.934	0.516591498542222
8.975	0.497482822066805
9.015	0.517624607367909
9.055	0.527953878193298
9.095	0.516591498542222
9.135	0.497482822066805
9.175	0.507811487081702
9.215	0.50729533654252
9.255	0.500064988320528
9.295	0.495932956891443
9.335	0.496449915177948
9.375	0.499031879494842
9.415	0.497998972605986
9.455	0.494899848065758
9.496	0.487153551241415
9.537	0.495416806352262
9.577	0.498515123145168
9.617	0.503680061463109
9.657	0.502131004035072
9.697	0.480439353558606
9.737	0.508844393970557
9.777	0.50058113885971
9.817	0.492317883748863
9.857	0.502131004035072
9.897	0.49335079063772
9.937	0.499548030034025
9.977	0.503163305113435
10.017	0.509361352257062
10.057	0.479922395272101
10.097	0.497482822066805
10.137	0.477340229018377
10.177	0.490768624383995
10.217	0.487669701780596
10.257	0.490768624383995
10.297	0.502131004035072
10.337	0.489218759208634
10.377	0.484054426701186
10.417	0.477857187304881
10.458	0.479922395272101
10.499	0.494383899463406
10.54	0.508328243431375
10.58	0.503680061463109
10.621	0.490251868034321
10.661	0.478889488383246
10.702	0.490768624383995
10.742	0.498515123145168
10.782	0.487669701780596
10.822	0.497998972605986
10.862	0.487153551241415
10.903	0.487669701780596
10.943	0.487669701780596
10.983	0.479406244732919
11.023	0.479406244732919
11.063	0.484054426701186
11.104	0.484054426701186
11.144	0.484054426701186
11.184	0.485087535526873
11.224	0.464428791939263
11.264	0.475274213303834
11.304	0.475274213303834
11.344	0.472176098447759
11.384	0.464944942478445
11.424	0.481988410986644
11.464	0.485087535526873
11.504	0.477857187304881
11.544	0.461329869335865
11.584	0.461329869335865
11.624	0.855907166731052
11.665	0.915817179842508
11.705	0.984507204414483
11.745	1.01291224482644
11.786	1.05267966488946
11.826	1.0816008558406
11.866	1.0816008558406
11.906	1.13996241733451
11.946	1.19005850241243
11.986	1.21433292495311
12.026	1.22311172479265
12.067	1.26339670895268
12.108	1.09812898155694
12.148	1.05371196596783
12.188	1.0423512018114
12.229	1.02943895698496
12.269	1.01652671215852
12.31	1.02479077501669
12.351	1.03357098841405
12.392	0.991737552636477
12.433	1.0175604267947
12.473	0.985023354953665
12.513	0.959200480795437
12.554	0.972627260666411
12.594	0.975210840477949
12.635	0.972111110127229
12.675	0.969012793334322
12.716	0.945255934890638
12.757	0.947321950605181
12.797	0.945255934890638
12.838	0.945255934890638
12.878	0.970562658509684
12.918	0.958682714761611
12.959	0.92511334184221
12.999	0.92149826869963
13.039	0.916850086731363
13.079	0.919949211271592
13.119	0.933893555239562
13.16	0.936991872032469
13.2	0.917366237270545
13.24	0.917366237270545
13.28	0.910135889048555
13.32	0.928212466382439
13.36	0.900839525112021
13.4	0.909619738509373
13.441	0.906520815905974
13.481	0.910652847335058
13.521	0.892060119461992
13.561	0.923047326127668
13.601	0.895675394541402
13.641	0.905487707080288
13.681	0.900323576509669
13.721	0.900323576509669
13.761	0.884829165429509
13.802	0.892060119461992
13.842	0.893609378826861
13.882	0.900839525112021
13.922	0.871917728350395
13.962	0.872434484700068
14.002	0.867269546382128
14.042	0.881213890350098
14.082	0.875532801492975
14.122	0.885862072318365
14.162	0.877082666668335
14.202	0.867786302731803
14.242	0.847127761081024
14.282	0.849709927334747
14.322	0.877598817207518
14.362	0.875532801492975
14.402	0.874499692667288
14.442	0.869335562096671
14.482	0.87604975977948
14.522	0.859522239873632
14.562	0.862105213874679
14.602	0.851258984762785
14.642	0.862105213874679
14.682	0.846094652255337
14.722	0.871401577811213
14.762	0.857457031906412
14.802	0.850742834223604
14.842	0.855391016191871
14.882	0.835249230890765
14.922	0.83783139714449
14.962	0.848160667969879
15.002	0.835249230890765
15.042	0.83783139714449
15.082	0.849193776795565
15.122	0.817688804096062
15.162	0.834732474541091
15.202	0.83421632400191
15.242	0.812008522986262
15.282	0.839380454572528
15.322	0.831117199461681
15.362	0.836798490255633
15.402	0.822853944350834
15.442	0.811491564699757
15.482	0.819754819810604
15.522	0.839897412859032
15.563	0.820271778097109
15.603	0.80994250727172
15.643	0.824403001778871
15.684	0.805294325303453
15.724	0.798580127620643
15.764	0.793931945652376
15.804	0.805294325303453
15.844	0.808909398446033
15.885	0.818721912921749
15.925	0.805294325303453
15.965	0.802712159049728
16.006	0.798580127620643
16.047	0.802195200763223
16.087	0.781536659112446
16.127	0.799096278159826
16.167	0.795481003080414
16.207	0.799096278159826
16.247	0.785668690541529
16.288	0.800129185048681
16.328	0.782569566001301
16.368	0.781020508573262
16.408	0.792899038763521
16.448	0.793931945652376
16.488	0.793415795113195
16.528	0.791349779398653
16.568	0.781020508573262
16.608	0.771207388287055
16.648	0.77172414463673
16.689	0.787217747969568
16.729	0.788767613144928
16.769	0.783602674826987
16.809	0.789283763684109
16.849	0.797031070192606
16.889	0.783602674826987
16.929	0.776888477144179
16.969	0.771207388287055
17.011	0.776372326604997
17.051	0.784118825366169
17.092	0.787217747969568
17.132	0.774306310890454
17.173	0.782569566001301
17.213	0.772757253462415
17.254	0.783602674826987
17.294	0.770691237747874
17.335	0.769658128922187
17.375	0.778438342319539
17.416	0.768625222033332
17.456	0.768625222033332
17.496	0.747450327906539
17.536	0.744868161652816
17.576	0.769658128922187
17.617	0.766043055779607
17.657	0.767592113207645
17.698	0.77172414463673
17.738	0.766043055779607
17.778	0.774306310890454
17.819	0.758295749271111
17.86	0.759328858096798
17.9	0.758812707557616
17.94	0.751581551588302
17.98	0.773273404001598
18.02	0.750549452446769
18.06	0.742802145938272
18.1	0.745901270478502
18.14	0.735571999653112
18.18	0.735055041366608
18.22	0.762427780700196
18.261	0.76139487381134
18.301	0.751581551588302
18.341	0.751065602985951
18.381	0.751581551588302
18.422	0.748483436732226
18.462	0.744868161652816
18.502	0.750549452446769
18.542	0.750549452446769
18.583	0.747450327906539
18.624	0.741769239049417
18.664	0.737637207620332
18.704	0.748483436732226
18.744	0.748483436732226
18.784	0.740220181621379
18.824	0.746933571556866
18.864	0.748483436732226
18.905	0.738154165906837
18.945	0.716462313493541
18.985	0.746933571556866
19.025	0.746933571556866
19.065	0.744351405303142
19.105	0.744351405303142
19.145	0.743835254763959
19.186	0.735571999653112
19.227	0.729890708859159
19.267	0.715429406604684
19.307	0.721110495461808
19.348	0.740220181621379
19.388	0.73712105708115
19.428	0.728857801970303
19.468	0.726791786255761
19.508	0.735571999653112
19.548	0.729890708859159
19.588	0.716979271780046
19.628	0.726791786255761
19.668	0.722660562573998
19.708	0.705616892128969
19.748	0.72317651117635
19.79	0.710265074097236
19.83	0.716462313493541
19.87	0.715429406604684
19.91	0.724725770541218
19.951	0.714913256065503
19.992	0.718012380605731
20.033	0.721627453748311
20.074	0.716979271780046
20.115	0.700451953811029
20.156	0.702517969525571
20.196	0.699419652732665
20.237	0.718528329208083
20.277	0.708716016669198
20.318	0.71956143803377
20.358	0.717495422319228
20.399	0.712331089811779
20.439	0.713880349176648
20.48	0.716462313493541
20.52	0.702001818986389
20.561	0.699935803271847
20.602	0.730406859398342
20.642	0.727308542605435
20.682	0.711298182922923
20.723	0.721627453748311
20.764	0.703550876414427
20.804	0.698386745843809
20.844	0.714396297778999
20.884	0.704067834700932
20.925	0.720594344922626
20.965	0.721627453748311
21.005	0.705616892128969
21.046	0.722143604287495
21.087	0.703550876414427
21.127	0.705616892128969
21.167	0.702001818986389
21.207	0.711814333462104
21.247	0.707166151493837
21.287	0.707166151493837
21.327	0.693738563875542
21.367	0.693738563875542
21.407	0.701484860699885
21.448	0.704583985240114
21.488	0.706133042668151
21.528	0.711298182922923
21.568	0.703034725875246
21.608	0.691155589874495
21.648	0.691672548161
21.688	0.685474501017373
21.728	0.685474501017373
21.769	0.678761111081886
21.81	0.694254714414724
21.85	0.702517969525571
21.89	0.696836678731618
21.93	0.705616892128969
21.97	0.687024366192733
22.01	0.693221605589038
22.05	0.689090381907275
22.09	0.710781224636418
22.13	0.714913256065503
22.17	0.709232167208381
22.212	0.68134307539878
22.252	0.707166151493837
22.293	0.697869787557304
22.333	0.689606532446457
22.374	0.682892334763648
22.414	0.696320730129267
22.454	0.688573423620771
22.494	0.696836678731618
22.534	0.690123288796132
22.574	0.704067834700932
22.614	0.680310168509924
22.654	0.68134307539878
22.694	0.699935803271847
22.734	0.692188698700182
22.775	0.678244152795381
22.816	0.687024366192733
22.857	0.676695095367343
22.897	0.665332715716267
22.937	0.673079820287933
22.977	0.675145836002474
23.017	0.689090381907275
23.057	0.684442199939008
23.098	0.685474501017373
23.138	0.677211043969694
23.178	0.679794017970741
23.218	0.674112929113619
23.258	0.662750549462544
23.299	0.677728002256199
23.339	0.667914881969992
23.379	0.683409091113321
23.419	0.694771470764398
23.459	0.641575655335751
23.499	0.667398731430811
23.539	0.680310168509924
23.58	0.661717440636857
23.62	0.660684533748
23.661	0.670497654034208
23.702	0.665849472065942
23.742	0.657585409207772
23.782	0.680310168509924
23.823	0.670497654034208
23.863	0.677728002256199
23.903	0.661201492034506
23.944	0.663266700001725
23.984	0.668947788858847
24.024	0.658618518033458
24.064	0.651388169811467
24.104	0.651905128097972
24.144	0.654487294351697
24.185	0.660168383208819
24.225	0.644157821589476
24.266	0.659135274383132
24.306	0.659135274383132
24.346	0.668947788858847
24.386	0.6467399878432
24.427	0.660168383208819
24.467	0.652937227239505
24.507	0.681859225937961
24.547	0.666881773144305
24.587	0.658618518033458
24.627	0.658618518033458
24.668	0.65706925866859
24.708	0.653970336065192
24.748	0.645190930415163
24.788	0.658102367494277
24.828	0.662750549462544
24.869	0.645190930415163
24.91	0.645707080954345
24.95	0.656553310066239
24.991	0.649322154096925
25.031	0.668431638319666
25.071	0.640542748446896
25.111	0.650872019272285
25.151	0.64312491470062
25.191	0.638992883271536
25.231	0.634861659589773
25.271	0.635894566478629
25.311	0.648806003557743
25.352	0.646223837304018
25.392	0.65706925866859
25.432	0.642608764161438
25.472	0.644157821589476
25.512	0.626081446192422
25.554	0.625048337366735
25.594	0.629696519335002
25.634	0.644673972128658
25.674	0.631246384510362
25.714	0.638992883271536
25.755	0.635377608192124
25.795	0.636410717017811
25.836	0.625048337366735
25.876	0.624532186827554
25.917	0.635377608192124
25.958	0.619884004859287
25.998	0.630729628160689
26.038	0.641058898986078
26.078	0.623499279938697
26.118	0.620917113684973
26.158	0.633312400224904
26.198	0.634344701303269
26.238	0.635377608192124
26.279	0.645707080954345
26.32	0.631246384510362
26.36	0.624016036288371
26.401	0.634344701303269
26.441	0.644673972128658
26.482	0.633312400224904
26.522	0.62556529565324
26.562	0.650872019272285
26.602	0.64983911238343
26.642	0.637443623906668
26.682	0.628664218256637
26.722	0.627631311367782
26.762	0.634344701303269
26.802	0.61523602482785
26.842	0.641058898986078
26.882	0.645707080954345
26.922	0.628147461906964
26.962	0.633312400224904
27.002	0.640025790160391
27.042	0.634861659589773
27.082	0.623499279938697
27.122	0.628147461906964
27.163	0.634861659589773
27.203	0.642091805874934
27.243	0.621950020573829
27.283	0.62246617111301
27.323	0.62246617111301
27.363	0.633312400224904
27.403	0.608521827145041
27.444	0.614202916002163
27.484	0.631762535049544
27.524	0.629696519335002
27.564	0.616785082255888
27.604	0.626081446192422
27.644	0.614202916002163
27.685	0.616785082255888
27.726	0.625048337366735
27.767	0.626598202542096
27.808	0.620400155398468
27.848	0.639509639621209
27.889	0.603873645176774
27.929	0.609038583494715
27.971	0.61885109797043
28.011	0.613686765462982
28.051	0.634861659589773
28.091	0.609038583494715
28.131	0.617817989144743
28.171	0.620917113684973
28.212	0.627114353081277
28.252	0.616268931716707
28.292	0.620917113684973
28.332	0.60800567660586
28.372	0.619884004859287
28.413	0.633828550764087
28.454	0.616785082255888
28.494	0.627114353081277
28.534	0.603357494637593
28.574	0.612653858574127
28.614	0.620400155398468
28.654	0.623499279938697
28.694	0.608521827145041
28.734	0.629696519335002
28.774	0.61885109797043
28.814	0.61162074974844
28.854	0.599225463208508
28.894	0.605939660891316
28.935	0.617817989144743
28.975	0.607488718319355
29.015	0.609038583494715
29.055	0.605423510352135
29.095	0.604390401526448
29.135	0.594061130701059
29.176	0.605423510352135
29.217	0.596127146415601
29.257	0.62556529565324
29.297	0.617817989144743
29.337	0.605423510352135
29.377	0.578566719620898
29.417	0.60490655206563
29.457	0.60490655206563
29.497	0.603873645176774
29.537	0.598709312669326
29.577	0.601291478923049
29.617	0.603873645176774
29.658	0.603873645176774
29.698	0.613686765462982
29.738	0.60490655206563
29.778	0.606455811430498
29.818	0.598709312669326
29.858	0.605423510352135
29.898	0.598192354382821
29.939	0.613170009113308
29.98	0.598192354382821
30.021	0.600775328383868
30.062	0.602840536351088
30.102	0.600258370097363
30.142	0.598192354382821
30.183	0.601291478923049
30.224	0.603357494637593
30.264	0.585797875590212
30.305	0.592511265525699
30.345	0.576501511653678
30.386	0.582698751049983
30.427	0.603873645176774
30.468	0.603357494637593
30.508	0.595094239526746
30.548	0.591478964447334
30.589	0.587346933018249
30.629	0.596643296954783
30.669	0.599225463208508
30.709	0.599742421495013
30.749	0.599742421495013
30.789	0.581665844161127
30.829	0.581665844161127
30.869	0.574435495939136
30.91	0.579599828446585
30.951	0.604390401526448
30.991	0.585797875590212
31.032	0.587863083557432
31.072	0.600258370097363
31.112	0.593544172414554
31.152	0.585797875590212
31.192	0.572369480224593
31.232	0.594061130701059
31.272	0.593544172414554
31.312	0.602840536351088
31.352	0.603873645176774
31.392	0.581665844161127
31.433	0.56978731397087
31.474	0.598709312669326
31.515	0.584248010414852
31.556	0.565139132002603
31.597	0.591478964447334
31.638	0.598192354382821
31.678	0.600775328383868
31.718	0.582698751049983
31.758	0.587346933018249
31.798	0.592511265525699
31.838	0.586830782479067
31.878	0.598192354382821
31.918	0.587346933018249
31.958	0.576501511653678
31.998	0.576501511653678
32.038	0.586830782479067
32.079	0.588380041843936
32.12	0.574951646478318
32.16	0.574435495939136
32.201	0.582698751049983
32.241	0.572369480224593
32.281	0.576501511653678
32.321	0.586314026129394
32.361	0.582698751049983
32.401	0.562040209399204
32.442	0.573918537652631
32.482	0.593544172414554
32.523	0.581665844161127
32.563	0.583731859875669
32.603	0.570820422796555
32.643	0.597159447493966
32.684	0.579083677907402
32.724	0.580116584796258
32.764	0.592511265525699
32.805	0.587863083557432
32.846	0.583731859875669
32.886	0.587863083557432
32.926	0.578050569081717
32.966	0.596643296954783
33.007	0.571853329685411
33.048	0.599742421495013
33.088	0.600258370097363
33.128	0.606972567780173
33.169	0.575984553367173
33.209	0.589929099271974
33.249	0.567721298256326
33.291	0.579083677907402
33.331	0.571853329685411
33.371	0.58063273533544
33.412	0.571336573335738
33.452	0.580116584796258
33.493	0.555326011716394
33.533	0.562556965748878
33.573	0.559458043145479
33.614	0.558424934319793
33.654	0.58063273533544
33.694	0.566688391367471
33.734	0.596127146415601
33.774	0.574951646478318
33.815	0.546546606066365
33.855	0.553776954288357
33.895	0.553776954288357
33.935	0.57701766219286
33.976	0.579083677907402
34.017	0.570820422796555
34.057	0.560490950034336
34.098	0.556358918605251
34.138	0.555842970002899
34.178	0.551710938573814
34.218	0.56978731397087
34.258	0.565655282541784
34.299	0.565655282541784
34.34	0.567721298256326
34.381	0.567205147717145
34.421	0.556875876891756
34.462	0.555842970002899
34.502	0.552743845462671
34.542	0.558941084858976
34.582	0.563073116288059
34.622	0.574951646478318
34.662	0.557908985717441
34.702	0.562556965748878
34.742	0.564622375652928
34.782	0.553260803749176
34.822	0.557908985717441
34.863	0.556358918605251
34.903	0.543964439812642
34.944	0.557908985717441
34.984	0.568754407082013
35.024	0.569270557621195
35.065	0.544480590351824
35.105	0.569270557621195
35.145	0.558941084858976
35.185	0.544480590351824
35.226	0.556358918605251
35.267	0.555326011716394
35.307	0.553260803749176
35.347	0.550677829748129
35.387	0.533118210700748
35.427	0.543964439812642
35.467	0.556358918605251
35.508	0.556875876891756
35.548	0.542414574637282
35.588	0.533118210700748
35.628	0.555326011716394
35.668	0.548095663494404
35.709	0.548095663494404
35.749	0.564622375652928
35.79	0.541898424098099
35.83	0.557392027430937
35.871	0.548612621780909
35.912	0.540865315272412
35.952	0.537250242129832
35.992	0.549644720922442
36.033	0.561007100573518
36.073	0.554809861177212
36.114	0.529503137558168
36.154	0.552743845462671
36.194	0.535700376954471
36.235	0.527953878193298
36.276	0.539832408383557
36.316	0.542414574637282
36.356	0.545513497240679
36.396	0.550161679208946
36.436	0.543964439812642
36.476	0.542414574637282
36.516	0.532085101875061
36.556	0.536217335240977
36.596	0.536217335240977
36.636	0.541381465811595
36.676	0.534151117589603
36.716	0.537250242129832
36.756	0.561007100573518
36.796	0.530536044447023
36.836	0.536217335240977
36.876	0.534151117589603
36.916	0.532085101875061
36.957	0.543447481526137
36.997	0.526404013017938
37.037	0.552227694923489
37.078	0.533118210700748
37.119	0.538283350955518
37.159	0.534668075876108
37.199	0.530019893907841
37.239	0.53156915327271
37.279	0.535700376954471
37.319	0.534668075876108
37.359	0.530019893907841
37.399	0.533118210700748
37.439	0.540348558922738
37.479	0.541898424098099
37.519	0.551710938573814
37.559	0.540348558922738
37.599	0.550677829748129
37.639	0.542931330986955
37.679	0.534668075876108
37.72	0.544480590351824
37.76	0.551194788034632
37.8	0.546029647779862
37.84	0.53879929955787
37.881	0.545513497240679
37.921	0.539316257844375
37.961	0.544996740891005
38.002	0.536733283843328
38.042	0.540865315272412
38.082	0.548612621780909
38.122	0.554292902890709
38.162	0.557392027430937
38.202	0.54912877232009
38.242	0.553776954288357
38.282	0.526920971304443
38.322	0.53518422641529
38.362	0.541381465811595
38.402	0.548612621780909
38.442	0.558424934319793
38.482	0.542414574637282
38.522	0.530536044447023
38.562	0.526404013017938
38.602	0.539316257844375
38.642	0.545513497240679
38.682	0.536733283843328
38.722	0.542414574637282
38.762	0.546029647779862
38.802	0.539832408383557
38.842	0.531052194986205
38.882	0.528986987018985
38.922	0.542414574637282
38.962	0.519690623082451
39.002	0.532602060161565
39.042	0.530536044447023
39.082	0.521239680510489
39.122	0.521239680510489
39.162	0.50419621200229
39.202	0.511943518510787
39.242	0.521239680510489
39.282	0.522788939875358
39.322	0.537250242129832
39.362	0.536733283843328
39.402	0.526920971304443
39.442	0.519173664795947
39.483	0.512976425399642
39.524	0.53156915327271
39.564	0.520206773621634
39.604	0.524854955589901
39.644	0.539832408383557
39.685	0.523305696225033
39.725	0.517107649081404
39.765	0.506779186003337
39.805	0.513492575938824
39.846	0.512459467113139
39.887	0.526920971304443
39.927	0.527953878193298
39.967	0.534668075876108
40.007	0.530536044447023
40.047	0.511427367971604
40.088	0.520206773621634
40.128	0.517624607367909
40.168	0.512976425399642
40.208	0.520206773621634
40.248	0.530019893907841
40.289	0.520206773621634
40.329	0.503680061463109
40.369	0.511943518510787
40.409	0.502131004035072
40.449	0.511427367971604
40.491	0.515042441114186
40.532	0.504713170288795
40.573	0.521755831049671
40.613	0.516075549939871
40.653	0.512976425399642
40.694	0.503680061463109
40.734	0.502131004035072
40.775	0.503680061463109
40.816	0.513492575938824
40.856	0.51452548282768
40.897	0.516075549939871
40.938	0.51452548282768
40.978	0.512976425399642
41.018	0.501097895209385
41.058	0.51452548282768
41.098	0.503163305113435
41.138	0.530019893907841
41.178	0.511943518510787
41.218	0.498515123145168
41.258	0.494383899463406
41.298	0.501097895209385
41.338	0.501614045748567
41.378	0.518657514256766
41.419	0.521239680510489
41.459	0.518657514256766
41.499	0.525887862478756
41.539	0.511943518510787
41.581	0.499031879494842
41.621	0.518657514256766
41.661	0.520206773621634
41.701	0.519690623082451
41.741	0.516075549939871
41.781	0.524338805050718
41.821	0.515558591653367
41.861	0.501614045748567
41.901	0.506262227716833
41.942	0.507811487081702
41.982	0.50058113885971
42.022	0.520723731908138
42.062	0.521755831049671
42.102	0.513492575938824
42.142	0.518140757907091
42.182	0.508844393970557
42.222	0.500064988320528
42.263	0.508844393970557
42.303	0.520206773621634
42.343	0.507811487081702
42.384	0.528986987018985
42.424	0.502647154574253
42.465	0.517624607367909
42.505	0.51452548282768
42.545	0.509361352257062
42.585	0.517107649081404
42.625	0.5109104096851
42.665	0.51452548282768
42.705	0.517624607367909
42.746	0.495932956891443
42.787	0.5109104096851
42.828	0.508328243431375
42.868	0.49335079063772
42.908	0.514009534225329
42.948	0.520723731908138
42.988	0.512459467113139
43.028	0.506779186003337
43.069	0.49335079063772
43.109	0.50419621200229
43.149	0.503680061463109
43.19	0.498515123145168
43.231	0.50058113885971
43.272	0.50058113885971
43.313	0.50058113885971
43.354	0.481988410986644
43.394	0.481988410986644
43.434	0.5109104096851
43.474	0.507811487081702
43.514	0.519173664795947
43.554	0.503680061463109
43.594	0.509361352257062
43.635	0.509361352257062
43.676	0.510394259145919
43.717	0.505746077177652
43.757	0.518140757907091
43.797	0.50729533654252
43.838	0.518140757907091
43.879	0.497482822066805
43.92	0.517624607367909
43.96	0.506779186003337
44.0	0.486120442415728
44.04	0.515042441114186
44.081	0.494899848065758
44.121	0.513492575938824
44.162	0.50419621200229
44.202	0.497482822066805
44.242	0.505746077177652
44.282	0.497482822066805
44.322	0.513492575938824
44.362	0.515042441114186
44.402	0.502131004035072
44.443	0.494383899463406
44.483	0.495416806352262
44.523	0.489735717495139
44.563	0.490251868034321
44.603	0.493866941176901
44.643	0.489735717495139
44.683	0.490251868034321
44.723	0.488186458130271
44.763	0.497482822066805
44.803	0.483021519812331
44.843	0.489735717495139
44.883	0.476824280416026
44.923	0.505229320827977
44.963	0.511427367971604
45.003	0.492317883748863
45.043	0.501614045748567
45.083	0.477857187304881
45.124	0.497482822066805
45.164	0.494899848065758
45.205	0.509361352257062
45.245	0.501097895209385
45.285	0.501614045748567
45.326	0.485603686066054
45.366	0.505746077177652
45.406	0.504713170288795
45.446	0.485603686066054
45.486	0.491284774923178
45.526	0.489735717495139
45.566	0.502131004035072
45.606	0.493866941176901
45.646	0.479922395272101
45.686	0.49335079063772
45.726	0.477340229018377
45.766	0.489735717495139
45.806	0.479922395272101
45.846	0.496449915177948
45.886	0.491284774923178
45.926	0.495932956891443
45.967	0.50058113885971
46.007	0.505746077177652
46.047	0.488186458130271
46.087	0.487669701780596
46.127	0.484054426701186
46.167	0.504713170288795
46.207	0.502647154574253
46.248	0.504713170288795
46.288	0.494383899463406
46.328	0.475274213303834
46.368	0.474241306414979
46.409	0.497482822066805
46.449	0.479406244732919
46.489	0.49335079063772
46.529	0.486120442415728
46.569	0.479922395272101
46.609	0.479406244732919
46.649	0.499031879494842
46.69	0.495416806352262
46.73	0.493866941176901
46.771	0.498515123145168
46.811	0.488702608669453
46.851	0.46546190076495
46.892	0.476824280416026
46.932	0.468044067018674
46.973	0.461846625685538
47.013	0.490768624383995
47.054	0.478373337844064
47.094	0.488702608669453
47.135	0.486636592954911
47.176	0.484054426701186
47.216	0.487669701780596
47.257	0.466494807653805
47.297	0.502131004035072
47.337	0.499548030034025
47.377	0.486636592954911
47.417	0.490251868034321
47.457	0.468044067018674
47.497	0.469593124446712
47.537	0.480439353558606
47.577	0.479406244732919
47.618	0.485603686066054
47.659	0.490768624383995
47.699	0.493866941176901
47.74	0.485087535526873
47.781	0.477340229018377
47.821	0.477857187304881
47.861	0.474758264701482
47.901	0.472176098447759
47.941	0.475791171590339
47.981	0.483021519812331
48.021	0.468044067018674
48.062	0.472176098447759
48.102	0.481988410986644
48.142	0.464944942478445
48.182	0.473725155875797
48.222	0.47269204705011
48.262	0.472176098447759
48.302	0.470626031335567
48.342	0.491801733209681
48.382	0.463912641400082
48.422	0.487153551241415
48.463	0.466494807653805
48.504	0.469593124446712
48.544	0.463912641400082
48.584	0.475791171590339
48.624	0.460813718796683
48.664	0.475274213303834
48.704	0.455648578541911
48.745	0.47269204705011
48.786	0.479922395272101
48.827	0.481472260447461
48.868	0.468560823368347
48.909	0.466494807653805
48.949	0.452550463685836
48.989	0.474241306414979
49.029	0.475274213303834
49.069	0.480439353558606
49.11	0.481988410986644
49.15	0.450484447971293
49.19	0.46907697390753
49.231	0.478373337844064
49.272	0.470110082733217
49.314	0.481988410986644
49.354	0.488702608669453
49.394	0.484054426701186
49.434	0.47269204705011
49.474	0.476824280416026
49.514	0.466494807653805
49.554	0.467010958192987
49.594	0.46236277622472
49.634	0.47269204705011
49.674	0.473725155875797
49.714	0.473725155875797
49.755	0.461329869335865
49.796	0.469593124446712
49.837	0.478889488383246
49.877	0.464428791939263
49.917	0.466494807653805
49.957	0.470110082733217
49.997	0.484054426701186
50.037	0.481472260447461
50.078	0.481472260447461
50.119	0.477340229018377
50.159	0.459264661368645
50.199	0.475791171590339
50.239	0.471142989622072
50.279	0.478373337844064
50.319	0.474241306414979
50.359	0.484570577240368
50.4	0.478373337844064
50.44	0.470626031335567
50.48	0.478373337844064
50.521	0.50058113885971
50.561	0.490768624383995
50.601	0.484570577240368
50.642	0.488702608669453
50.682	0.473725155875797
50.722	0.478889488383246
50.762	0.483021519812331
50.802	0.498515123145168
50.842	0.488186458130271
50.883	0.489735717495139
50.924	0.483021519812331
50.964	0.481472260447461
51.004	0.451000396573644
51.044	0.468044067018674
51.084	0.453583370574691
51.124	0.475274213303834
51.164	0.496449915177948
51.204	0.46907697390753
51.244	0.465978051304132
51.285	0.471659140161254
51.325	0.46907697390753
51.366	0.478373337844064
51.406	0.469593124446712
51.446	0.477340229018377
51.486	0.474241306414979
51.526	0.453583370574691
51.566	0.453583370574691
51.606	0.457198443717271
51.646	0.475791171590339
51.686	0.46546190076495
51.726	0.474241306414979
51.766	0.466494807653805
51.806	0.444803157177339
51.847	0.452550463685836
51.888	0.468044067018674
51.928	0.446352416542209
51.969	0.46236277622472
52.009	0.455648578541911
52.049	0.46546190076495
52.09	0.475274213303834
52.13	0.456165536828416
52.17	0.483021519812331
52.21	0.453066412288188
52.25	0.464944942478445
52.29	0.474758264701482
52.33	0.467527916479492
52.37	0.472176098447759
52.41	0.472176098447759
52.45	0.464944942478445
52.491	0.475791171590339
52.531	0.475274213303834
52.571	0.476824280416026
52.611	0.474758264701482
52.651	0.469593124446712
52.691	0.474758264701482
52.731	0.460813718796683
52.771	0.467010958192987
52.812	0.449968297432111
52.853	0.447385323431064
52.894	0.462879734511225
52.935	0.443770250288484
52.976	0.448935188606424
53.016	0.469593124446712
53.057	0.444287006638158
53.097	0.456681687367598
53.137	0.455648578541911
53.177	0.45874770308214
53.217	0.460296760510178
53.257	0.467527916479492
53.297	0.451517354860149
53.337	0.463395885050407
53.378	0.449968297432111
53.419	0.468560823368347
53.459	0.457198443717271
53.499	0.453583370574691
53.539	0.463912641400082
53.58	0.457714594256453
53.621	0.456681687367598
53.661	0.457714594256453
53.701	0.441188084034759
53.741	0.443770250288484
53.781	0.443254099749302
53.821	0.460813718796683
53.861	0.438605917781036
53.901	0.447385323431064
53.942	0.456681687367598
53.982	0.448935188606424
54.022	0.440154975209074
54.062	0.443254099749302
54.102	0.440154975209074
54.143	0.453066412288188
54.184	0.46236277622472
54.224	0.449451339145606
54.264	0.447902281717569
54.304	0.432924828923912
54.344	0.425694480701922
54.384	0.439122068320217
54.425	0.436023751527311
54.465	0.440671933495577
54.506	0.447902281717569
54.547	0.437572808955349
54.587	0.42362846498738
54.627	0.443254099749302
54.667	0.440154975209074
54.707	0.448418432256751
54.748	0.454616479400378
54.788	0.456165536828416
54.829	0.453066412288188
54.869	0.437056052605675
54.909	0.437572808955349
54.949	0.457198443717271
54.989	0.461846625685538
55.03	0.442737141462797
55.07	0.447385323431064
55.111	0.433957735812769
55.151	0.446352416542209
55.192	0.438605917781036
55.232	0.441188084034759
55.273	0.441188084034759
55.314	0.451517354860149
55.355	0.454616479400378
55.395	0.454616479400378
55.436	0.431891720098227
55.476	0.431891720098227
55.516	0.453583370574691
55.556	0.453583370574691
55.596	0.446352416542209
55.636	0.442737141462797
55.677	0.446869172891883
55.718	0.436539902066492
55.758	0.442737141462797
55.798	0.440671933495577
55.838	0.452033505399331
55.879	0.440671933495577
55.92	0.449451339145606
55.96	0.433957735812769
56.001	0.453066412288188
56.041	0.441704234573942
56.081	0.426727387590777
56.121	0.455648578541911
56.161	0.456681687367598
56.201	0.455648578541911
56.241	0.443254099749302
56.281	0.445836266003026
56.321	0.448418432256751
56.361	0.441704234573942
56.402	0.440671933495577
56.442	0.447385323431064
56.482	0.449968297432111
56.522	0.436539902066492
56.562	0.442737141462797
56.602	0.445836266003026
56.642	0.442220990923616
56.682	0.444803157177339
56.722	0.453583370574691
56.762	0.442737141462797
56.802	0.456681687367598
56.842	0.451000396573644
56.882	0.444287006638158
56.922	0.436539902066492
56.962	0.422595356161693
57.002	0.450484447971293
57.042	0.43447388635195
57.082	0.448418432256751
57.122	0.426727387590777
57.163	0.42724353812996
57.203	0.437572808955349
57.243	0.447902281717569
57.283	0.42724353812996
57.323	0.444803157177339
57.364	0.438605917781036
57.405	0.446352416542209
57.446	0.443254099749302
57.487	0.430342662670189
57.527	0.43808895949453
57.567	0.430342662670189
57.608	0.433957735812769
57.649	0.439122068320217
57.69	0.445836266003026
57.73	0.440154975209074
57.771	0.428792797494828
57.811	0.433440777526264
57.851	0.426210631241103
57.891	0.42724353812996
57.932	0.424661371876235
57.972	0.440154975209074
58.012	0.432924828923912
58.052	0.421046298733655
58.093	0.424661371876235
58.133	0.43085881320937
58.173	0.42207920562251
58.213	0.445320115463844
58.253	0.440671933495577
58.293	0.441704234573942
58.334	0.432924828923912
58.375	0.42724353812996
58.415	0.430342662670189
58.456	0.426210631241103
58.496	0.417947174193426
58.536	0.436023751527311
58.576	0.437056052605675
58.616	0.432407870637408
58.656	0.452550463685836
58.696	0.42052934044715
58.736	0.441188084034759
58.776	0.421562449272836
58.817	0.440154975209074
58.857	0.42724353812996
58.897	0.443254099749302
58.937	0.439638824669891
58.978	0.43085881320937
59.018	0.424661371876235
59.058	0.43085881320937
59.098	0.425694480701922
59.138	0.434990844638455
59.178	0.442220990923616
59.218	0.414332101050846
59.259	0.43085881320937
59.299	0.415881158478883
59.34	0.42207920562251
59.38	0.427759688669142
59.42	0.432407870637408
59.46	0.442220990923616
59.501	0.433440777526264
59.541	0.42362846498738
59.582	0.432924828923912
59.622	0.420013189907968
59.662	0.410200069621761
59.702	0.450484447971293
59.743	0.433440777526264
59.783	0.426210631241103
59.824	0.429825704383684
59.865	0.431891720098227
59.906	0.408651012193723
59.946	0.426727387590777
59.987	0.431891720098227
60.028	0.432924828923912
60.068	0.440154975209074
60.108	0.431375569559044
60.148	0.422595356161693
60.188	0.417947174193426
60.229	0.410717027908266
60.269	0.431891720098227
60.31	0.429309553844502
60.351	0.43808895949453
60.392	0.435506793240807
60.432	0.429309553844502
60.473	0.414332101050846
60.513	0.414332101050846
60.554	0.437572808955349
60.594	0.441188084034759
60.636	0.41691426730457
60.676	0.436539902066492
60.716	0.424661371876235
60.756	0.418463324732608
60.796	0.415881158478883
60.836	0.436023751527311
60.876	0.413815142764341
60.916	0.442220990923616
60.956	0.435506793240807
60.997	0.421046298733655
61.038	0.416398116765388
61.078	0.425177522415417
61.118	0.427759688669142
61.158	0.415881158478883
61.198	0.430342662670189
61.238	0.428276646955645
61.278	0.425177522415417
61.318	0.436539902066492
61.359	0.418980283019113
61.399	0.416398116765388
61.439	0.426210631241103
61.48	0.416398116765388
61.52	0.432924828923912
61.56	0.42724353812996
61.6	0.411233178447448
61.64	0.428276646955645
61.68	0.405551887653494
61.72	0.41691426730457
61.761	0.418980283019113
61.801	0.42362846498738
61.841	0.432924828923912
61.881	0.409683919082579
61.922	0.418980283019113
61.962	0.416398116765388
62.002	0.406584996479181
62.043	0.413815142764341
62.083	0.425177522415417
62.123	0.408134861654541
62.164	0.413815142764341
62.205	0.424661371876235
62.246	0.412783043622808
62.286	0.420013189907968
62.326	0.411233178447448
62.366	0.426210631241103
62.407	0.427759688669142
62.448	0.426210631241103
62.488	0.415881158478883
62.528	0.419496433558295
62.568	0.421562449272836
62.609	0.419496433558295
62.65	0.411749934797121
62.69	0.412783043622808
62.73	0.42362846498738
62.771	0.426727387590777
62.811	0.402453570860587
62.852	0.41691426730457
62.892	0.424144615526561
62.933	0.417947174193426
62.973	0.42207920562251
63.013	0.42362846498738
63.053	0.42362846498738
63.093	0.401936814510914
63.134	0.410200069621761
63.174	0.42052934044715
63.214	0.41329919416199
63.254	0.424144615526561
63.294	0.395739575114609
63.334	0.417947174193426
63.374	0.408134861654541
63.414	0.411233178447448
63.455	0.387476118066932
63.496	0.400387555146046
63.537	0.385410102352388
63.577	0.41691426730457
63.618	0.407101752828854
63.658	0.418980283019113
63.698	0.401936814510914
63.738	0.413815142764341
63.779	0.410200069621761
63.821	0.411233178447448
63.861	0.415881158478883
63.901	0.410200069621761
63.942	0.425694480701922
63.982	0.424144615526561
64.022	0.41329919416199
64.063	0.407617903368036
64.103	0.400903705685227
64.144	0.395222616828105
64.185	0.395739575114609
64.225	0.414332101050846
64.266	0.408134861654541
64.306	0.412266085336303
64.346	0.395222616828105
64.386	0.397288632542647
64.426	0.382311179748991
64.466	0.402969721399769
64.506	0.411233178447448
64.546	0.412783043622808
64.586	0.42207920562251
64.626	0.425694480701922
64.666	0.410717027908266
64.706	0.408134861654541
64.746	0.406584996479181
64.786	0.408134861654541
64.826	0.428792797494828
64.866	0.411233178447448
64.906	0.407617903368036
64.946	0.404518980764637
64.986	0.412266085336303
65.026	0.409683919082579
65.066	0.399354648257189
65.106	0.405551887653494
65.146	0.411233178447448
65.186	0.399354648257189
65.226	0.399354648257189
65.266	0.400387555146046
65.307	0.413815142764341
65.347	0.415365209876531
65.387	0.417947174193426
65.427	0.41329919416199
65.467	0.406068845939999
65.508	0.398838497718007
65.549	0.402453570860587
65.589	0.416398116765388
65.629	0.401420663971732
65.669	0.420013189907968
65.709	0.409166960796074
65.749	0.400387555146046
65.79	0.400903705685227
65.83	0.401936814510914
65.871	0.402453570860587
65.911	0.393673357463237
65.951	0.408134861654541
65.991	0.399870798796372
66.031	0.408134861654541
66.071	0.409683919082579
66.111	0.401936814510914
66.151	0.421562449272836
66.191	0.408651012193723
66.232	0.385410102352388
66.272	0.39419031574974
66.312	0.374564680987818
66.352	0.402969721399769
66.392	0.399354648257189
66.432	0.404002830225456
66.472	0.386959361717258
66.512	0.401420663971732
66.553	0.390574434859838
66.593	0.400387555146046
66.634	0.400903705685227
66.674	0.389542133781474
66.714	0.389542133781474
66.754	0.39419031574974
66.795	0.397288632542647
66.835	0.421046298733655
66.875	0.402969721399769
66.915	0.401420663971732
66.955	0.414848251590028
66.996	0.391607341748693
67.036	0.390058284320655
67.076	0.389542133781474
67.116	0.389542133781474
67.156	0.393157408860885
67.196	0.393157408860885
67.236	0.381795029209808
67.276	0.402969721399769
67.316	0.398838497718007
67.356	0.399354648257189
67.396	0.399354648257189
67.436	0.404518980764637
67.477	0.408134861654541
67.518	0.408651012193723
67.558	0.400387555146046
67.598	0.387476118066932
67.638	0.406068845939999
67.678	0.406068845939999
67.718	0.401420663971732
67.758	0.42362846498738
67.799	0.363718451875924
67.84	0.37869590466958
67.881	0.3890253774318
67.921	0.390574434859838
67.961	0.404002830225456
68.001	0.407101752828854
68.041	0.413815142764341
68.081	0.404518980764637
68.121	0.39264045057438
68.162	0.393673357463237
68.202	0.382311179748991
68.242	0.3890253774318
68.282	0.39625552371696
68.322	0.39419031574974
68.363	0.411749934797121
68.403	0.380245164034448
68.443	0.409166960796074
68.483	0.392124300035199
68.523	0.389542133781474
68.564	0.401420663971732
68.605	0.424661371876235
68.645	0.402453570860587
68.685	0.415881158478883
68.725	0.395739575114609
68.766	0.404518980764637
68.806	0.396772482003465
68.846	0.405035737114312
68.887	0.422595356161693
68.927	0.421046298733655
68.967	0.403486679686274
69.007	0.391091393146342
69.048	0.404002830225456
69.088	0.404002830225456
69.129	0.403486679686274
69.169	0.39625552371696
69.211	0.394706466288922
69.251	0.413815142764341
69.291	0.398838497718007
69.331	0.408134861654541
69.371	0.397805590829152
69.411	0.379729013495266
69.452	0.391607341748693
69.493	0.41691426730457
69.534	0.402453570860587
69.574	0.395222616828105
69.614	0.399354648257189
69.654	0.404518980764637
69.694	0.403486679686274
69.734	0.386443211178075
69.774	0.397288632542647
69.814	0.398321539431502
69.855	0.389542133781474
69.895	0.390574434859838
69.935	0.384377195463533
69.976	0.381278070923305
70.017	0.387992268606113
70.058	0.398838497718007
70.099	0.382827936098665
70.139	0.396772482003465
70.179	0.377146847241541
70.22	0.388509226892618
70.261	0.380761920384123
70.301	0.374564680987818
70.341	0.390058284320655
70.381	0.387992268606113
70.421	0.393157408860885
70.462	0.386959361717258
70.502	0.372498665273276
70.542	0.386959361717258
70.582	0.374047722701313
70.622	0.367850483305009
70.662	0.370948800097914
70.702	0.371981706986771
70.742	0.381278070923305
70.782	0.396772482003465
70.822	0.379212862956085
70.862	0.397805590829152
70.902	0.383861044924352
70.942	0.368366633844191
70.982	0.379212862956085
71.022	0.376113738415856
71.063	0.390574434859838
71.104	0.376629888955038
71.145	0.383344086637846
71.186	0.39264045057438
71.226	0.386443211178075
71.267	0.379212862956085
71.307	0.393157408860885
71.348	0.387992268606113
71.388	0.385410102352388
71.428	0.374047722701313
71.469	0.382827936098665
71.511	0.388509226892618
71.551	0.373014815812458
71.591	0.384893951813207
71.631	0.364751560701611
71.672	0.376629888955038
71.712	0.384893951813207
71.752	0.391607341748693
71.792	0.393157408860885
71.832	0.37869590466958
71.872	0.391091393146342
71.912	0.395739575114609
71.952	0.391091393146342
71.992	0.384893951813207
72.032	0.375596982066181
72.072	0.380245164034448
72.112	0.398838497718007
72.152	0.387476118066932
72.192	0.389542133781474
72.232	0.391607341748693
72.273	0.404002830225456
72.314	0.387476118066932
72.354	0.380245164034448
72.394	0.390058284320655
72.434	0.387476118066932
72.475	0.374564680987818
72.515	0.39419031574974
72.556	0.385926252891571
72.597	0.374047722701313
72.637	0.382827936098665
72.678	0.397288632542647
72.718	0.393673357463237
72.758	0.386959361717258
72.798	0.384893951813207
72.839	0.378179754130398
72.879	0.377662997780724
72.919	0.359587228194162
72.96	0.37869590466958
73.0	0.386443211178075
73.04	0.379212862956085
73.08	0.37869590466958
73.121	0.382827936098665
73.161	0.395739575114609
73.201	0.386959361717258
73.241	0.369916499019551
73.282	0.395222616828105
73.322	0.390058284320655
73.362	0.380761920384123
73.402	0.381278070923305
73.442	0.390058284320655
73.483	0.384893951813207
73.523	0.378179754130398
73.564	0.376113738415856
73.604	0.372498665273276
73.644	0.385410102352388
73.684	0.378179754130398
73.724	0.388509226892618
73.765	0.391091393146342
73.806	0.381795029209808
73.846	0.368883592130694
73.886	0.387992268606113
73.927	0.37869590466958
73.967	0.374047722701313
74.007	0.381795029209808
74.047	0.399354648257189
74.088	0.359587228194162
74.129	0.376629888955038
74.169	0.370948800097914
74.209	0.381795029209808
74.249	0.379729013495266
74.289	0.371981706986771
74.329	0.383344086637846
74.369	0.375596982066181
74.41	0.375596982066181
74.45	0.378179754130398
74.491	0.376113738415856
74.531	0.369399742669877
74.571	0.379212862956085
74.611	0.375080831526999
74.651	0.392124300035199
74.691	0.385926252891571
74.731	0.364235410162429
74.771	0.377662997780724
74.811	0.385926252891571
74.851	0.372498665273276
74.891	0.407617903368036
74.931	0.39264045057438
74.971	0.366300618129647
75.011	0.380761920384123
75.051	0.361136285622199
75.092	0.382827936098665
75.132	0.378179754130398
75.172	0.375080831526999
75.212	0.39625552371696
75.252	0.372498665273276
75.292	0.384377195463533
75.332	0.364235410162429
75.372	0.370948800097914
75.412	0.374047722701313
75.452	0.367850483305009
75.492	0.380245164034448
75.532	0.376113738415856
75.572	0.374564680987818
75.612	0.377146847241541
75.652	0.375596982066181
75.692	0.382827936098665
75.732	0.381278070923305
75.772	0.374047722701313
75.812	0.377146847241541
75.852	0.383861044924352
75.892	0.376113738415856
75.932	0.365784467590466
75.973	0.368883592130694
76.013	0.374047722701313
76.054	0.378179754130398
76.094	0.3890253774318
76.134	0.371465758384419
76.174	0.375596982066181
76.214	0.370432649558733
76.254	0.361652436161382
76.294	0.369916499019551
76.335	0.378179754130398
76.376	0.37869590466958
76.417	0.366817576416152
76.458	0.376629888955038
76.498	0.372498665273276
76.538	0.361652436161382
76.578	0.361652436161382
76.618	0.375596982066181
76.658	0.375080831526999
76.698	0.363202301336742
76.738	0.367333726955334
76.778	0.370948800097914
76.818	0.368366633844191
76.858	0.355972155051581
76.898	0.372498665273276
76.938	0.375080831526999
76.978	0.385926252891571
77.019	0.379729013495266
77.06	0.381278070923305
77.101	0.355972155051581
77.141	0.348224848543085
77.181	0.342543759685963
77.222	0.379729013495266
77.262	0.367333726955334
77.302	0.362685544987067
77.342	0.353906139337039
77.382	0.3580373630188
77.423	0.336346520289658
77.463	0.344609775400505
77.503	0.357004254193115
77.543	0.354939046225895
77.584	0.359070269907657
77.624	0.374047722701313
77.664	0.379212862956085
77.704	0.352356072224848
77.744	0.334280504575116
77.784	0.358554119368475
77.824	0.355455196765077
77.864	0.35080701479681
77.905	0.371465758384419
77.945	0.369916499019551
77.985	0.365784467590466
78.025	0.35442208793939
78.065	0.347707890256581
78.105	0.358554119368475
78.145	0.353906139337039
78.186	0.372498665273276
78.226	0.35080701479681
78.267	0.355972155051581
78.307	0.361136285622199
78.347	0.374564680987818
78.387	0.362685544987067
78.427	0.364235410162429
78.467	0.381795029209808
78.507	0.377662997780724
78.547	0.380761920384123
78.587	0.368366633844191
78.628	0.372498665273276
78.668	0.350290864257628
78.708	0.365268317051284
78.748	0.376629888955038
78.788	0.374564680987818
78.828	0.368883592130694
78.868	0.368883592130694
78.909	0.376113738415856
78.949	0.364235410162429
78.989	0.385926252891571
79.029	0.386959361717258
79.069	0.386959361717258
79.109	0.382311179748991
79.149	0.373014815812458
79.189	0.373014815812458
79.229	0.385926252891571
79.27	0.362685544987067
79.311	0.370432649558733
79.351	0.384893951813207
79.391	0.376629888955038
79.431	0.355455196765077
79.471	0.365784467590466
79.511	0.359070269907657
79.551	0.373014815812458
79.592	0.369916499019551
79.632	0.369916499019551
79.673	0.366300618129647
79.713	0.362169394447886
79.753	0.354939046225895
79.793	0.352873030511352
79.833	0.350290864257628
79.873	0.356488103653932
79.914	0.384377195463533
79.954	0.365268317051284
79.994	0.374564680987818
80.034	0.362169394447886
80.075	0.353389181050534
80.115	0.361136285622199
80.155	0.369916499019551
80.196	0.37869590466958
80.236	0.366300618129647
80.277	0.361652436161382
80.318	0.378179754130398
80.358	0.377146847241541
80.399	0.377146847241541
80.439	0.355972155051581
80.479	0.376629888955038
80.519	0.365268317051284
80.56	0.360103378733344
80.6	0.360620135083017
80.64	0.358554119368475
80.68	0.35442208793939
80.721	0.331181380034887
80.761	0.359587228194162
80.801	0.353906139337039
80.841	0.367850483305009
80.881	0.363718451875924
80.921	0.358554119368475
80.961	0.352356072224848
81.002	0.366300618129647
81.043	0.358554119368475
81.083	0.362169394447886
81.124	0.366300618129647
81.164	0.365784467590466
81.205	0.357521212479619
81.245	0.365784467590466
81.285	0.377146847241541
81.325	0.361136285622199
81.365	0.369399742669877
81.405	0.361136285622199
81.446	0.364751560701611
81.486	0.379729013495266
81.526	0.370948800097914
81.566	0.345642682289362
81.606	0.357521212479619
81.646	0.345125925939687
81.686	0.353906139337039
81.726	0.351323973083315
81.766	0.357004254193115
81.806	0.343059910225145
81.846	0.344609775400505
81.887	0.336862468892009
81.927	0.343059910225145
81.967	0.351840123622497
82.008	0.35080701479681
82.048	0.358554119368475
82.089	0.363202301336742
82.13	0.352356072224848
82.171	0.352873030511352
82.211	0.342027609146781
82.251	0.342543759685963
82.291	0.353389181050534
82.331	0.359587228194162
82.372	0.354939046225895
82.412	0.365268317051284
82.452	0.356488103653932
82.492	0.359587228194162
82.532	0.349774107907953
82.572	0.343576666574818
82.612	0.352873030511352
82.652	0.362169394447886
82.692	0.373014815812458
82.732	0.362169394447886
82.773	0.351323973083315
82.814	0.346675791115048
82.854	0.343576666574818
82.895	0.367333726955334
82.935	0.364235410162429
82.975	0.355972155051581
83.015	0.380761920384123
83.055	0.369399742669877
83.096	0.348740999082268
83.137	0.351840123622497
83.177	0.3580373630188
83.218	0.366300618129647
83.259	0.368883592130694
83.299	0.369399742669877
83.339	0.362685544987067
83.379	0.361136285622199
83.419	0.361652436161382
83.459	0.361652436161382
83.499	0.346675791115048
83.539	0.352873030511352
83.579	0.358554119368475
83.619	0.362169394447886
83.659	0.347707890256581
83.699	0.355972155051581
83.739	0.338411728256878
83.779	0.346158832828543
83.819	0.340477743971421
83.859	0.347707890256581
83.899	0.361136285622199
83.94	0.359070269907657
83.981	0.364751560701611
84.022	0.351840123622497
84.063	0.346675791115048
84.103	0.353906139337039
84.144	0.367850483305009
84.184	0.345125925939687
84.225	0.359587228194162
84.266	0.344092817114001
84.307	0.3580373630188
84.348	0.356488103653932
84.388	0.355455196765077
84.428	0.336346520289658
84.468	0.350290864257628
84.508	0.376113738415856
84.549	0.363202301336742
84.589	0.356488103653932
84.629	0.358554119368475
84.67	0.349774107907953
84.71	0.373531774098961
84.75	0.354939046225895
84.79	0.363718451875924
84.83	0.354939046225895
84.87	0.34719194165423
84.91	0.346158832828543
84.951	0.332214286923743
84.991	0.357004254193115
85.031	0.35080701479681
85.071	0.345125925939687
85.111	0.368366633844191
85.151	0.366300618129647
85.191	0.350290864257628
85.231	0.352356072224848
85.271	0.352356072224848
85.311	0.347707890256581
85.352	0.363202301336742
85.392	0.34719194165423
85.433	0.348224848543085
85.474	0.346675791115048
85.514	0.349257957368772
85.554	0.340477743971421
85.595	0.349774107907953
85.635	0.361652436161382
85.675	0.352356072224848
85.716	0.3580373630188
85.756	0.352873030511352
85.796	0.350290864257628
85.836	0.336346520289658
85.876	0.340994500321095
85.916	0.352873030511352
85.957	0.348224848543085
85.997	0.357521212479619
86.037	0.353389181050534
86.077	0.339444635145734
86.117	0.329632322606849
86.158	0.343059910225145
86.198	0.349257957368772
86.238	0.350290864257628
86.279	0.360620135083017
86.319	0.354939046225895
86.36	0.342543759685963
86.4	0.347707890256581
86.44	0.342543759685963
86.481	0.346675791115048
86.521	0.340477743971421
86.561	0.335829562003154
86.601	0.335829562003154
86.641	0.349257957368772
86.681	0.344609775400505
86.721	0.363202301336742
86.761	0.334280504575116
86.802	0.3580373630188
86.842	0.354939046225895
86.883	0.336862468892009
86.923	0.339961593432238
86.963	0.32291812492404
87.003	0.344609775400505
87.043	0.335829562003154
87.083	0.337895577717696
87.123	0.337895577717696
87.163	0.345642682289362
87.204	0.333247395749429
87.244	0.334796453177467
87.284	0.328599213781162
87.324	0.339961593432238
87.364	0.327566306892307
87.404	0.345125925939687
87.444	0.351323973083315
87.485	0.357004254193115
87.525	0.348740999082268
87.566	0.332214286923743
87.606	0.336862468892009
87.646	0.346158832828543
87.686	0.327566306892307
87.726	0.344609775400505
87.766	0.343576666574818
87.807	0.333763546288611
87.847	0.330148271209201
87.887	0.333763546288611
87.927	0.342543759685963
87.968	0.338411728256878
88.008	0.360620135083017
88.048	0.342543759685963
88.089	0.339961593432238
88.129	0.336346520289658
88.17	0.329115364320344
88.21	0.349774107907953
88.251	0.342543759685963
88.292	0.326533198066621
88.332	0.344092817114001
88.372	0.346675791115048
88.412	0.345642682289362
88.452	0.332731245210248
88.492	0.337895577717696
88.532	0.337895577717696
88.574	0.339444635145734
88.615	0.351323973083315
88.655	0.331181380034887
88.696	0.330148271209201
88.737	0.311555745272963
88.777	0.32291812492404
88.817	0.347707890256581
88.858	0.336346520289658
88.898	0.338928484606551
88.938	0.339444635145734
88.978	0.345125925939687
89.019	0.31981900038381
89.059	0.338928484606551
89.099	0.326533198066621
89.139	0.340477743971421
89.181	0.344092817114001
89.221	0.333247395749429
89.261	0.345642682289362
89.301	0.352873030511352
89.342	0.342543759685963
89.382	0.329632322606849
89.422	0.340477743971421
89.462	0.337895577717696
89.502	0.348224848543085
89.542	0.331181380034887
89.582	0.337379427178514
89.622	0.331698338321391
89.662	0.322401974384857
89.702	0.324467182352077
89.742	0.322401974384857
89.783	0.337379427178514
89.823	0.339961593432238
89.864	0.333247395749429
89.904	0.320852109209497
89.944	0.339444635145734
89.984	0.343576666574818
90.025	0.336862468892009
90.065	0.353906139337039
90.105	0.340994500321095
90.146	0.346158832828543
90.186	0.329115364320344
90.227	0.327566306892307
90.267	0.329632322606849
90.307	0.327566306892307
90.347	0.339444635145734
90.387	0.350290864257628
90.427	0.324984140638582
90.467	0.338411728256878
90.507	0.319302849844629
90.547	0.338411728256878
90.587	0.323951031812896
90.627	0.345125925939687
90.668	0.341510650860276
90.708	0.326533198066621
90.749	0.326533198066621
90.789	0.332214286923743
90.829	0.326017047527437
90.87	0.316720683590905
90.91	0.338928484606551
90.951	0.328599213781162
90.991	0.323434881273714
91.031	0.334280504575116
91.071	0.337895577717696
91.111	0.334796453177467
91.151	0.336862468892009
91.191	0.327050156353124
91.231	0.334796453177467
91.271	0.322401974384857
91.311	0.334280504575116
91.351	0.351840123622497
91.391	0.346158832828543
91.431	0.332214286923743
91.471	0.333763546288611
91.512	0.333763546288611
91.552	0.338411728256878
91.593	0.356488103653932
91.634	0.338928484606551
91.674	0.346675791115048
91.714	0.335829562003154
91.754	0.325500291177764
91.794	0.330148271209201
91.835	0.333247395749429
91.875	0.344092817114001
91.915	0.330665229495704
91.956	0.343059910225145
91.997	0.323951031812896
92.038	0.315170818415543
