Time (s)	PSI(P = 1.99 nW*um^-2)(a.u.)
0.0	0.10124724766838561
0.05	-0.0013582031620710886
0.1	-0.019775030096326453
0.15	0.07221396469704591
0.2	0.10027701791182994
0.25	-0.024551352313893382
0.3	-0.17038233022379462
0.35	0.0891327467623067
0.4	-0.11300978339895894
0.45	-0.03379427784450773
0.5	0.01988156268820439
0.55	0.1441307943509244
0.601	0.0599040836387861
0.65	0.06022715068860097
0.7	0.16210569071566028
0.75	0.004147633185344886
0.801	0.022318699951603495
0.85	-0.013936184354883512
0.9	-0.06248335837092856
0.95	0.05018322444936324
1.0	-0.03031709993181796
1.051	0.2177950788481801
1.1	-0.03923118720377304
1.15	-0.029302809585267278
1.2	0.13488287249438452
1.25	-0.02861692129766477
1.3	0.045736017471815354
1.351	-0.05633105500284362
1.4	-0.051548061995693346
1.45	0.11247767866316274
1.5	-0.12550181426560608
1.55	0.02818933904036045
1.601	0.10576656019161823
1.65	0.13302325687634467
1.7	0.06086511126332169
1.75	0.018216842546790436
1.8	0.06217929951480282
1.851	0.059535418591074744
1.9	0.13924199388095362
1.95	-0.0237686095169748
2.001	-0.10968892360909617
2.05	0.024077317814162606
2.1	0.02963313333865964
2.15	-0.015244703657075937
2.2	0.05542273974984541
2.25	0.04706429273029854
2.3	0.0848754284625073
2.35	0.009411292742404074
2.401	-0.022782198724765754
2.45	0.024521099361075004
2.501	0.12309345081023679
2.55	-0.10223647085149952
2.6	-0.09570028719125456
2.65	-0.000420103778888545
2.701	0.0036957422141338306
2.75	0.07780407588762207
2.8	0.07616463732832529
2.851	-0.04124160995062803
2.9	0.18547961680149574
2.95	0.13536745019007418
3.0	-0.04193543094136063
3.05	0.12647578441403287
3.101	0.04666463274533076
3.15	0.11702929590803611
3.2	0.16071658887374646
3.251	0.15690427647757424
3.3	-0.060468040165569094
3.35	-0.043305818789820455
3.4	0.14388035701858226
3.45	0.012351341227370144
3.5	0.007225722032237876
3.55	-0.09204250729379293
3.6	-0.08449497181955584
3.65	0.08424709579431192
3.7	-0.049820034673623434
3.75	0.03875345177326601
3.8	0.09086153570795444
3.851	-0.018590115635721494
3.9	-0.05669270798576191
3.95	0.2538891456389168
4.0	-0.1602799814867033
4.051	0.23189121972467855
4.1	0.012438928382402376
4.15	0.31478773843395297
4.2	0.604590919285718
4.25	0.8030669223117127
4.3	1.1809426557085538
4.35	1.0186192870357602
4.4	1.5002727291635478
4.451	1.425905860364533
4.5	1.6642752807719072
4.55	1.6672048921351246
4.6	1.8215911666345155
4.65	2.0596493806259306
4.7	2.1307513768616233
4.751	2.220919241824679
4.8	2.2833427233029555
4.85	2.4639319474839456
4.9	2.5104036564207584
4.95	2.744522314694838
5.0	2.6466225917163984
5.05	2.761458193221881
5.1	3.021483342469745
5.15	3.0792850612089144
5.2	2.506413096849891
5.25	2.654181878855513
5.3	2.678685756019356
5.351	2.6745205792631896
5.4	2.6785208671062835
5.451	2.5470521705101605
5.5	2.595831002593275
5.55	2.6496000965529114
5.6	2.637481046205889
5.651	2.6247539570598626
5.7	2.7278440010722633
5.75	2.5390304836642366
5.8	2.5714780421730916
5.85	2.76074917810721
5.9	2.4230587757342796
5.951	2.2634322649652
6.0	2.5134898210432084
6.05	2.715043622397973
6.101	2.521746947376499
6.151	2.8602724856267745
6.201	2.9719766491658315
6.251	3.1330640794414086
6.3	3.1990311401687386
6.35	3.414049032196525
6.401	3.4639014513689603
6.45	3.513034887172519
6.5	3.586703183983264
6.55	3.7323384699588815
6.601	3.86899733907753
6.65	3.977198194113407
6.7	4.029704165242575
6.75	4.1306402180990505
6.8	4.174824931809167
6.85	4.0792974637627015
6.9	4.2795166040562185
6.95	4.3439028357734095
7.0	4.561772858618927
7.051	4.36841148464924
7.1	4.596663245113676
7.151	4.628193596120303
7.2	4.398652944094446
7.251	4.340894385912272
7.3	4.191232704884079
7.35	4.184082988713212
7.4	4.457478415466594
7.45	4.310138128981782
7.5	4.23334830541909
7.55	4.2392933657119185
7.6	4.057653186732403
7.65	4.246801883118074
7.7	4.23373400674785
7.75	4.2517245190157595
7.8	4.2593496799093415
7.85	4.248715439047575
7.9	4.076723287731385
7.95	4.168867010777375
8.001	4.134784982764867
8.05	3.956509512733833
8.1	4.179946665874437
8.15	4.293154283962182
8.201	4.4735689599241
8.25	4.707063471860476
8.3	4.588571895008439
8.35	4.6569295743498955
8.401	5.074651461090236
8.45	5.01575848995119
8.501	4.850843671505322
8.55	5.074715001576753
8.601	5.249162607741848
8.65	5.236313443673842
8.7	5.330604445076862
8.75	5.354380855298202
8.8	5.555318232664119
8.85	5.57130191052613
8.9	5.673070781705654
8.95	5.5715784975133005
9.001	5.6522397935972535
9.05	5.770567262801127
9.1	5.878674926946786
9.15	5.750475394587992
9.201	5.622965233585842
9.25	5.473182148029727
9.301	5.294859357528227
9.35	5.589225383722946
9.4	5.536836744497748
9.45	5.400313801002492
9.5	5.425360331433087
9.55	5.30021343829068
9.6	5.411939081417118
9.65	5.35994671601971
9.7	5.301198053883934
9.75	5.349646173549978
9.8	5.320606844432334
9.85	5.267918581502618
9.9	5.304403882334655
9.95	5.363830364487069
10.0	5.410645459525383
10.051	5.364846644531393
10.1	5.225432946821317
10.151	5.141509702912313
10.2	5.707680145705135
10.251	5.574327105678232
10.3	5.979841753938029
10.35	5.902794649205261
10.4	6.052998626052397
10.45	6.044261793983298
10.5	6.106198524454809
10.55	6.238479001572167
10.6	6.3586863438049654
10.65	6.335325334934623
10.7	6.2947297171720855
10.75	6.4992971005701685
10.8	6.358459897822261
10.851	6.399392920359369
10.901	6.718074364795329
10.95	6.832646442431488
11.0	6.690856950376697
11.05	6.759368536898511
11.1	6.891737230014332
11.15	6.879750651563958
11.201	6.55460293962869
11.25	6.613085670112924
11.3	6.534214171004578
11.35	6.389841370866337
11.4	6.584727500160117
11.451	6.469974214631371
11.5	6.333681464894616
11.55	6.318774805607016
11.6	6.438713708917063
11.65	6.4579264041244935
11.7	6.190512779220462
11.75	6.344683896999796
11.8	6.259439170739037
11.85	6.178108934388415
11.9	6.267361690347013
11.95	6.259182425431747
12.0	6.255305133161498
12.05	6.139513737464054
12.1	6.243604861907027
12.15	6.281794798996443
12.2	6.7075613247485
12.25	6.659555400938616
12.3	6.6743265230435105
12.35	6.942357022610418
12.4	6.947909702049042
12.451	7.043227053994145
12.501	7.047718442639998
12.55	7.080469103512489
12.6	7.126531144291665
12.65	7.2363035815357515
12.701	7.402905386023971
12.751	7.472576014171967
12.801	7.60985233231167
12.851	7.559449870932965
12.9	7.550683503948236
12.95	7.341270555827781
13.0	7.5809176767367354
13.05	7.484213591404101
13.1	7.664033419188009
13.15	7.703210822880472
13.2	7.44537770301682
13.251	7.289033520456996
13.3	7.28175797159581
13.35	7.306637599428357
13.4	7.376470731351536
13.45	7.322236965104519
13.5	7.130399394986193
13.55	7.217032324451804
13.6	6.9417711681981045
13.65	6.9966613180617765
13.7	7.0396489797453565
13.75	7.18213318289295
13.8	7.159667185999188
13.85	7.107998815485009
13.901	7.041145968667551
13.95	7.196839370058524
14.0	7.124040708895097
14.05	6.8872594803495355
14.1	7.219785982730874
14.15	7.128967444769788
14.2	7.425026364416478
14.25	7.552352504506971
14.3	7.546750993246335
14.35	7.7981964221219515
14.4	7.66647763142002
14.451	7.652551154801377
14.5	7.847951808322571
14.55	8.03331470802581
14.6	7.876866389852283
14.65	8.050639231012639
14.7	7.977451045623373
14.75	8.288969692835465
14.8	8.230311298058492
14.85	8.266370298381295
14.901	8.323290636469649
14.95	8.393375646849565
15.0	8.367580809872624
15.05	8.465838225713036
15.1	8.430437422330826
15.15	8.507611393562257
15.2	8.301035518934848
15.25	8.165698457503822
15.3	8.034226931082724
15.35	8.043540996897272
15.4	8.033942155313557
15.45	8.01501268228931
15.5	7.995090779456621
15.55	7.991631816901377
15.601	8.23500678387761
15.65	7.875580099431365
15.7	7.9188042551654325
15.75	7.9518841545005285
15.8	7.856073717690672
15.85	7.832386905129154
15.9	7.714809539096389
15.95	7.8649317508014445
16.0	7.851446752131399
16.05	7.757937423719593
16.1	7.869573319928226
16.15	7.726560497581481
16.2	8.209305299795826
16.25	8.299478297183068
16.3	8.275388846731902
16.35	8.46635288638249
16.4	8.567010513971335
16.45	8.531371905420281
16.5	8.635923442179982
16.55	8.564129419170964
16.6	8.747517865794121
16.65	8.749497611956048
16.7	9.041810160129758
16.75	8.932240544632924
16.801	9.015343563788338
16.85	9.02898876561221
16.9	8.964726905621223
16.95	9.009478658973192
17.0	9.011814048905913
17.051	9.069759279341364
17.1	9.325751649715343
17.15	9.281870874638232
17.201	8.975538261366113
17.25	8.749497611956048
17.3	8.854391676986706
17.35	8.634701708134012
17.4	8.857228987065698
17.451	8.738428230832282
17.5	8.63819777927147
17.551	8.67640965652263
17.6	8.71649052697631
17.65	8.514865106546129
17.7	8.56593785977496
17.751	8.707482396345025
17.801	8.595757440053463
17.85	8.583102095427812
17.901	8.410467055474456
17.95	8.503806651755214
18.0	8.422196158868912
18.051	8.280949743764099
18.1	8.6255906130285
18.15	8.439212993568182
18.201	9.005563058999316
18.25	8.816466997154976
18.3	8.84423658343448
18.35	9.06204712816994
18.4	9.180702024601846
18.45	9.35247587250917
18.501	9.203909321909395
18.55	9.337355068905525
18.6	9.326369637641957
18.65	9.285336195549798
18.7	9.54746804465086
18.75	9.465020096957343
18.8	9.541068805423656
18.85	9.618308514762342
18.9	9.485972475965282
18.95	9.720133209834142
19.001	9.545406245509904
19.05	9.952862333698173
19.1	9.824563788211831
19.15	9.96074276259123
19.2	9.61399702090668
19.251	9.314031156572325
19.301	9.43501445667854
19.35	9.495687973838338
19.4	9.346063778682199
19.45	9.425954017160304
19.5	9.484686819002322
19.551	9.326970001648197
19.6	9.16074764372953
19.651	9.097606900050971
19.7	9.241060495440816
19.751	9.253236882201952
19.8	9.249175120412461
19.85	9.335917841491304
19.9	9.208939565586409
19.95	9.350936954964887
20.0	9.193080933468387
20.05	9.161042676746135
20.1	8.996861214882987
20.151	9.186379916539584
20.2	9.48725612947764
20.25	9.476272968588761
20.3	9.556827052063738
20.35	9.647068792888604
20.4	9.897980704947082
20.45	9.788599975042631
20.5	9.698072418665168
20.55	9.922102077824725
20.6	9.912428200314428
20.65	9.938384331866573
20.7	10.091592037347999
20.75	10.13479748438246
20.8	10.182518479208293
20.85	10.404429174209401
20.9	10.154128661633177
20.95	10.312523617144999
21.001	10.242882036402728
21.058	10.563482251963386
21.1	10.563482251963386
21.15	10.291948200260224
21.2	10.355090499568579
21.25	10.043558746546601
21.3	10.172173975920314
21.35	10.14197802855337
21.4	9.936549756111546
21.45	10.013434565442658
21.5	9.980428841508893
21.55	9.745362391839729
21.6	9.689652499859168
21.65	9.890106681429923
21.7	9.906486020688643
21.751	9.837726674200862
21.8	9.857399405493997
21.85	9.883797490834636
21.9	9.91985547542024
21.96	9.747540232119135
22.0	9.708159749217398
22.051	9.822861455714408
22.1	9.679570385513419
22.15	9.754981930584709
22.2	9.938720082763767
22.25	10.014951648298872
22.3	10.178636646705607
22.35	10.170261285993398
22.4	10.336925849691335
22.451	10.48736276573873
22.501	10.454686578418764
22.55	10.515995876011168
22.601	10.621454287609422
22.65	10.448408129174329
22.7	10.744232763822964
22.75	10.77515292348707
22.8	10.692422511790166
22.851	10.748008372171412
22.9	10.750523187472062
22.95	10.671880695865234
23.0	10.903175470319097
23.051	10.793368078863269
23.1	10.836378872226456
23.15	10.85622613822517
23.2	10.940789843976823
23.25	10.783450733908964
23.3	10.677827003198745
23.35	10.610879263019141
23.4	10.626485678345666
23.45	10.672280635618524
23.5	10.526640377449986
23.55	10.444908764626588
23.6	10.657687555019418
23.651	10.151699397032495
23.7	10.408919928425098
23.75	10.4416199003867
23.801	10.141777816115614
23.85	10.44812499881648
23.901	10.420239753021502
23.95	10.198677544504111
24.001	10.37391511038438
24.05	10.197116087692251
24.1	10.208577968414458
24.15	10.029687597829671
24.201	10.29301255947158
24.25	10.181201464854114
24.301	10.075266462524215
24.35	10.14222435364654
24.4	10.275249227992624
24.451	10.086718809732968
24.5	10.117011419594457
24.551	9.925867056055536
24.6	10.020777944637953
24.65	10.054893123049169
24.701	10.157096626598017
24.75	10.210913358543996
24.801	9.956455228580118
24.85	10.002672643479743
24.9	9.874127204362992
24.95	10.108191557759952
25.001	10.004182256890365
25.05	9.943379688320888
25.1	10.030343538522073
25.15	10.1415541822535
25.2	9.857090726228545
25.25	10.134937903267486
25.3	9.804873726412133
25.35	10.042387895207657
25.4	9.941634858252026
25.45	9.960104373806741
25.501	9.99028683880798
25.55	9.897825095458797
25.6	9.908999052241985
25.65	10.049237657355992
25.7	9.91824849869744
25.75	9.954530033373768
25.8	9.904873548864002
25.85	10.047991164211487
25.9	9.906762364667415
25.95	10.024466081395166
26.001	9.978669773482949
26.05	9.874498467760496
26.1	9.65991172854018
26.15	9.835597450121963
26.2	9.665179724249708
26.25	9.931572055719176
26.3	9.818560595561776
26.35	9.621136198266502
26.4	9.945382778464243
26.45	9.527837249251224
26.5	9.766020985255357
26.556	9.814487319559955
26.601	9.860040863431704
26.65	9.805607240553474
26.7	9.740135517432915
26.75	9.620431852722898
26.8	9.740703812048402
26.851	9.795172852408319
26.9	9.673553528532338
26.95	9.671876925862954
27.0	9.810744584841071
27.05	9.634557026419076
27.1	9.978478301012574
27.15	9.711709686877093
27.2	9.658939533921945
27.25	9.661337717043402
27.3	9.68770746148195
27.35	9.67762281706557
27.4	9.863006449435675
27.451	9.590346239300215
27.501	9.541025146473942
27.55	9.677865464924354
27.6	9.629990757867539
27.65	9.593896988391569
27.7	9.790356933858636
27.75	9.743039461807939
27.8	9.633558984994155
27.85	9.584363496755747
27.901	9.685289024216532
27.95	9.609447311367434
28.0	9.691998283839585
28.05	9.563476136115824
28.1	9.697255184768196
28.15	9.659425398892873
28.2	9.683130232003828
28.25	9.603447008723359
28.3	9.565057434762002
28.35	9.502453784717797
28.4	9.419028163888395
28.45	9.559409501324886
28.5	9.596206256080135
28.551	9.778121159719522
28.6	9.49736638380431
28.65	9.663012366643478
28.7	9.404007453791817
28.751	9.543683050498169
28.8	9.671158032086547
28.85	9.734004227146968
28.901	9.80813636255629
28.951	9.435374581872372
29.0	9.498640203620194
29.05	9.533482281100863
29.1	9.493415063544564
29.15	9.381104219385099
29.2	9.595165478420068
29.251	9.48979030916281
29.3	9.744922200791702
29.35	9.582597189699419
29.401	9.582597189699419
29.45	9.483166276853009
29.5	9.53026487581002
29.55	9.341154201013726
29.601	9.238083590752659
29.65	9.603710660953997
29.7	9.417324608905588
29.75	9.445781117768917
29.8	9.564490866295584
29.85	9.53943573109876
29.9	9.541245239317673
29.95	9.518299310347848
30.0	9.480832710096376
30.05	9.598783775862861
30.1	9.75133959809395
30.151	9.423479840658345
30.2	9.416779269931784
30.25	9.329609396045647
30.3	9.282068363972938
30.351	9.240631580046866
30.401	9.451636503969317
30.451	9.353467339842904
30.5	9.388305699525995
30.551	9.571581594109876
30.6	9.335789965256108
30.651	9.622709556205308
30.7	9.483866972146366
30.75	9.341884850327979
30.8	9.275186009215133
30.85	9.421012817251484
30.9	9.475095962545208
30.95	9.42571561908646
31.0	9.348759085988636
31.05	9.371259886740873
31.1	9.348815987549322
31.15	9.213153005209707
31.2	9.292895610059093
31.251	9.322894401950778
31.3	9.366564939786414
31.351	9.499663937924685
31.401	9.437718715177018
31.451	9.367983663305202
31.5	9.372681120084215
31.55	9.331776445170847
31.6	9.473687180321797
31.65	9.231580294912506
31.701	9.429358354768224
31.75	9.259459031396895
31.8	9.330430986270887
31.85	9.1796845663885
31.901	9.36802524483928
31.95	9.417219399991117
32.0	9.417767356311996
32.05	9.289464765706182
32.1	9.4883185532789
32.15	9.331108530530889
32.2	9.238950291923857
32.25	9.109475734634858
32.301	9.480708144011858
32.351	9.407633982495774
32.4	9.266964182635167
32.451	9.234901804022652
32.5	9.28398816421262
32.55	9.243051513572748
32.6	9.526932737048826
32.651	9.31198594835569
32.7	9.404288972081323
32.75	9.010827804452997
32.8	9.355108110349962
32.85	9.189804585424982
32.901	9.082293281310472
32.95	9.283293484522716
33.0	9.38863397724641
33.05	9.321581477358169
33.101	9.343478727622415
33.151	9.247069144336807
33.2	9.34075022923495
33.25	9.080832505259814
33.3	9.294909273387757
33.35	9.119517421969825
33.4	9.282612579722725
33.45	9.387940776347055
33.5	9.080545536931435
33.55	9.26143340729019
33.6	9.26001709385547
33.65	9.29969293320857
33.7	9.14132250790972
33.75	9.08068557710422
33.8	9.272325364092477
33.85	9.281203869005019
33.9	9.227136084871415
33.95	9.122166438879892
34.0	8.993622191528987
34.051	8.98458793765717
34.1	9.17057213524963
34.15	9.264119850601146
34.2	9.330456800943043
34.25	8.966059443575269
34.3	9.311330719405387
34.35	9.19502996001863
34.4	8.981578238265861
34.45	9.270950714018097
34.5	9.246986236301398
34.55	9.250384151594371
34.601	9.20040875552118
34.65	9.180620397386898
34.7	8.978344739218754
34.75	9.147768911065837
34.8	9.203909321909395
34.851	9.161520889805898
34.9	9.252455493386966
34.95	9.218925168436963
35.0	9.226461198577528
35.051	8.926800869355672
35.1	9.288051341066506
35.15	9.22511006101237
35.2	9.033161639975683
35.25	9.226461198577528
35.3	9.222301034049293
35.35	9.180538662643766
35.4	9.159517776733797
35.45	9.235985701479212
35.5	9.050876413484074
35.551	9.324362890857337
35.601	9.17793191678861
35.65	9.008370950762941
35.7	9.051698527437464
35.75	9.266166159203218
35.8	9.116250634555723
35.851	9.14899980004404
35.9	9.333953682321114
35.951	9.031201456803094
36.0	9.088968868616487
36.05	9.373692631971531
36.1	9.112145176338496
36.15	9.036914805932499
36.2	8.981374326055882
36.251	8.910407998927079
36.301	9.018995719527487
36.35	8.95525457514569
36.4	9.116250634555723
36.45	9.187933597777143
36.5	9.008819650163188
36.55	9.083246131171979
36.6	9.279773854167404
36.65	8.935393713043124
36.7	9.04954888993676
36.75	8.95543952276376
36.8	9.227658911575505
36.85	9.144793390828806
36.9	9.005563058999316
36.95	9.183734564886828
37.0	9.022730701677656
37.05	9.100221569409573
37.1	9.04036413042925
37.15	9.13867419806385
37.2	9.048741732745537
37.25	9.085379981529762
37.3	9.06418070827799
37.35	9.083768249100235
37.4	9.066469635261152
37.451	8.981374326055882
37.5	9.164008012034168
37.55	9.089344953518813
37.601	8.990857051335619
37.65	8.942234327512098
37.7	9.058590134772498
37.75	8.893744152989425
37.8	9.161331307780051
37.85	8.989801510798207
37.901	8.980504433236192
37.95	8.95051088476398
38.001	9.121020317262367
38.05	8.949222176053354
38.1	8.858112586171147
38.15	9.13600900398524
38.201	9.13501463004361
38.25	9.034595410295006
38.301	9.125680255600678
38.35	9.127011275869778
38.401	8.973810730776966
38.451	9.091470478744817
38.5	9.09000651438301
38.55	8.894857398112608
38.6	9.100876501913769
38.65	9.10910808033201
38.7	9.123446141792883
38.75	9.013385302136744
38.8	8.935550349128453
38.85	9.043468860110284
38.9	8.971219848047147
38.95	9.10220294641289
39.0	8.832234731360561
39.05	8.79596194240594
39.1	8.92347788193244
39.15	8.992844487697655
39.2	9.078328850234163
39.251	8.993494225238734
39.3	8.924762497484874
39.35	9.022730701677656
39.401	8.967976217415194
39.45	8.976619962268048
39.5	8.74525395889299
39.55	8.901684613185044
39.6	8.980504433236192
39.65	8.951566989311388
39.7	8.932571368374333
39.75	9.014229612476532
39.8	9.048741732745537
39.85	9.076055164746757
39.9	8.916940623466457
39.95	9.085090786667761
40.001	9.1007491235179
40.05	8.971427841741965
40.1	9.028226686526562
40.15	9.03029897207882
40.201	8.824674222367355
40.25	8.853708986343506
40.3	8.919628485168795
40.351	8.921690003402139
40.401	8.937731397962594
40.45	8.995643755672061
40.501	9.004063319611422
40.55	8.96861306986267
40.6	9.012079816462702
40.65	8.838869227755753
40.7	8.964726905621223
40.75	8.979648680990259
40.8	8.880251858760646
40.85	9.021888854251022
40.9	9.10486361166647
40.95	8.980733436964886
41.0	9.01712062797269
41.05	9.003467535589246
41.1	8.94111667267098
41.15	9.12744234542739
41.2	9.032091624459277
41.25	9.054158942398958
41.3	8.922974634140573
41.35	8.94740332927879
41.401	8.846769980133795
41.45	8.885994149077641
41.5	8.962582142498754
41.55	9.02750455370552
41.6	8.730345166826726
41.65	8.777263972070553
41.7	9.008044636831286
41.75	8.920937832076216
41.8	8.99153649485722
41.85	8.842666323292727
41.9	8.867014312997512
41.95	8.847410987146896
42.0	9.022916512710141
42.051	8.886632146927251
42.1	9.023570621348641
42.15	8.816453982378325
42.201	8.798805528363015
42.251	8.780181439227226
42.3	8.98808625496924
42.35	8.885994149077641
42.4	9.04150154995679
42.45	8.831618813924234
42.5	9.043468860110284
42.551	9.03358299353785
42.6	8.991129499065558
42.65	8.797470978368082
42.7	8.814563103389988
42.75	8.957336502213776
42.8	8.879053089743975
42.85	8.887635640636246
42.9	8.695899555637558
42.95	8.77378350136679
43.0	8.841094748197586
43.05	8.740666133585375
43.1	8.887635640636246
43.15	8.57523339331343
43.2	8.69612333897744
43.25	8.822138255807099
43.3	8.842410121569007
43.35	8.706017661036698
43.4	8.757255988599761
43.45	8.74490956743929
43.5	8.796170548059544
43.551	8.852218556544692
43.6	8.901745236124093
43.65	8.856089436611922
43.701	9.109125439943623
43.751	8.722332341282819
43.8	8.825937676846193
43.85	8.945982542052016
43.901	9.0761107310327
43.952	8.632930664988944
44.001	8.797726518847433
44.05	8.87828541574249
44.1	8.741040313018653
44.15	8.699250704358965
44.2	8.838310211228212
44.25	9.033522486658628
44.3	8.813883697273118
44.35	8.656847413427263
44.4	8.785713608211196
44.45	8.885890447115942
44.501	8.822133312184786
44.55	8.773985773165435
44.6	8.818022862407728
44.65	8.937567565272621
44.701	8.78954097944252
44.751	8.91115470287313
44.801	8.979003667039645
44.85	8.903827209468668
44.9	8.862662738353
44.95	8.8487453864617
45.001	8.721614489158402
45.05	8.776853861071897
45.1	8.853153149614863
45.15	8.93845630740384
45.2	8.840197181334979
45.25	8.841445985990287
45.3	8.782280316298666
45.351	8.950992840820312
45.4	8.727587129637989
45.45	8.923654646900598
45.5	8.86869178897331
45.551	8.887360416643446
45.601	8.653408447740448
45.65	8.85408671554687
45.7	8.919651388869003
45.75	8.755374012540084
45.8	8.592260121127882
45.85	8.982052077620093
45.9	8.698993260738622
45.951	8.736683305039803
46.0	8.509486464970394
46.05	8.762979681363575
46.1	8.725961717659528
46.15	8.73580616275785
46.2	8.679489727430632
46.25	8.774059477050358
46.3	8.91424389581015
46.35	8.901370064551573
46.401	8.70928298142239
46.45	8.782571076528294
46.501	8.67640965652263
46.55	8.775598107316648
46.6	8.688335144655458
46.65	8.881687439761942
46.7	8.824036836844408
46.75	8.64641230090115
46.8	8.695938428855547
46.85	8.621318658997176
46.9	8.718594622290247
46.95	8.657274649321531
47.0	8.787600373452365
47.05	8.799951987654396
47.1	8.729071400584544
47.151	8.563641683672229
47.201	8.803147025389402
47.25	8.828473119788454
47.3	8.771202327534281
47.35	8.808825272075921
47.401	8.800589955898433
47.45	8.625868979295667
47.5	8.812636534802053
47.55	8.790748442047194
47.6	8.934337289377227
47.65	8.72022274874226
47.7	8.993323427236682
47.75	8.705002684807077
47.8	8.752251250382983
47.85	8.601831991359642
47.901	8.870892619439292
47.951	8.599538356856355
48.0	8.69921152496094
48.05	8.775940915310757
48.101	8.870262467058197
48.15	8.8354285719533
48.201	8.553012517565115
48.25	8.761369119799513
48.3	8.781660587456283
48.35	8.55433161731342
48.4	8.550607141164356
48.451	8.728207927754996
48.5	8.66388579554468
48.55	8.728457042640315
48.601	8.707031522397868
48.65	8.710521233406066
48.701	8.706412168048924
48.75	8.741169097128825
48.8	8.577046093356678
48.85	8.884524050042502
48.901	8.517097400494508
48.95	8.67373158682957
49.0	8.550110609156583
49.05	8.770496956842083
49.1	8.720608972804259
49.15	8.79647229780968
49.201	8.415741166124771
49.25	8.588895611926363
49.301	8.760736166323392
49.35	8.527871118158941
49.4	8.573430896312098
49.451	8.906394984558164
49.5	8.672698745666807
49.558	8.735054384462833
49.6	8.705002684807077
49.651	8.580552860182049
49.7	8.56955931790263
49.75	8.55433161731342
49.8	8.742415037968883
49.85	8.489696046669843
49.901	8.748655925274626
49.951	8.672499465110079
50.001	8.672499465110079
50.05	8.791385747575447
50.1	8.66757844321053
50.15	8.544301966087767
50.201	8.693674307834309
50.25	8.576217979571744
50.3	8.609589518484114
50.35	8.746158102093244
50.4	8.566541258890197
50.451	8.495590325979563
50.5	8.656661309533296
50.55	8.634870737467546
50.601	8.64782450212601
50.65	8.49320730622218
50.7	8.470297547399447
50.75	8.646164300525793
50.801	8.523671820378055
50.85	8.553012517565115
50.9	8.520246322379043
50.951	8.78250949921136
51.0	8.489044014579196
51.051	8.587211160784952
51.101	8.603047508309066
51.15	8.518451736576003
51.2	8.617200665451767
51.25	8.484932795535233
51.3	8.68668586298931
51.35	8.649475220292526
51.4	8.526073216477233
51.45	8.6661144381679
51.5	8.535392654774201
51.55	8.567497420984173
51.6	8.361259184529127
51.65	8.565567935539196
51.701	8.607764511130004
51.75	8.769949057426226
51.8	8.46445577374142
51.85	8.592533833956471
51.9	8.518531333140011
51.95	8.664698784476041
52.0	8.588761074616006
52.05	8.72132489484765
52.1	8.574395705663093
52.15	8.561342992126995
52.2	8.516138159491225
52.25	8.677227208697726
52.3	8.47914965263109
52.35	8.713391144310224
52.4	8.651935825211362
52.45	8.60593970334185
52.5	8.496059713833635
52.55	8.58444424197123
52.6	8.58444424197123
52.65	8.519485975152017
52.701	8.425685469267885
52.751	8.466192990067947
52.8	8.718352985389116
52.85	8.5123941433204
52.901	8.669220042001294
52.95	8.577775643678267
53.0	8.524868246635348
53.051	8.511880007971126
53.1	8.658742103381428
53.15	8.618715683234797
53.2	8.67640965652263
53.25	8.675593539407696
53.3	8.687080726907203
53.35	8.507698954113572
53.4	8.50373739771046
53.451	8.429769679574957
53.5	8.557117525109888
53.55	8.429789037366954
53.601	8.659780787999907
53.651	8.531790197719587
53.7	8.468470861905178
53.751	8.689358492674998
53.8	8.520003092666057
53.85	8.629201045696052
53.9	8.419844947104064
53.95	8.452630869106
54.0	8.85850074234383
54.051	8.553400757915432
54.1	8.57282029015752
54.15	8.47371774281838
54.2	8.560025311953995
54.251	8.510686477467507
54.3	8.574630399772403
54.35	8.501220160983907
54.401	8.61369993810826
54.45	8.65051956171599
54.5	8.645985490492473
54.55	8.397567297283032
54.6	8.520003092666057
54.651	8.356617744965797
54.7	8.526492925829357
54.75	8.49427563831074
54.8	8.588761074616006
54.857	8.605185517361827
54.9	8.521794648503363
54.95	8.452070625159239
55.0	8.514260592403144
55.05	8.59421631702674
55.1	8.370653562986996
55.151	8.560739832318712
55.201	8.435646501057631
55.25	8.504264327885537
55.3	8.594684083811446
55.35	8.540194254105561
55.4	8.365358794587044
55.45	8.43741055210231
55.5	8.518371260617887
55.55	8.534003491018558
55.6	8.523587382674535
55.651	8.326786069834936
55.7	8.502544771017293
55.75	8.490761106357462
55.8	8.313919450113456
55.85	8.536404942537429
55.9	8.5845267454612
55.95	8.406954962907546
56.0	8.566416875040149
56.05	8.598049049040178
56.1	8.503073337531385
56.152	8.428608309992153
56.2	8.579814548049558
56.25	8.80601865958225
56.301	8.64151902759293
56.35	8.403456292951791
56.4	8.680517819410449
56.45	8.549301597246998
56.5	8.504058159624186
56.55	8.587551026205412
56.6	8.535199952933752
56.651	8.36782449864568
56.7	8.601680450257938
56.75	8.599254951487351
56.8	8.540503654274103
56.85	8.430950015186978
56.9	8.45145262108117
56.95	8.504790565224228
57.0	8.374200989424935
57.05	8.670456837449226
57.1	8.417492375017348
57.15	8.380091069162628
57.2	8.642391700263246
57.251	8.361960260203567
57.3	8.341435775798535
57.351	8.673948263508692
57.4	8.355504469774852
57.451	8.25511269324215
57.5	8.488864748519953
57.55	8.412223701645637
57.6	8.42041896131719
57.65	8.417492375017348
57.7	8.578733156518076
57.75	8.520511497619532
57.801	8.747884784739954
57.85	8.411052986733829
57.9	8.538610733285005
57.951	8.284678758169816
58.0	8.459021464245277
58.051	8.562208120687592
58.1	8.528710534210774
58.15	8.606106051670555
58.2	8.577532753716913
58.251	8.40638160421159
58.3	8.571130186389405
58.35	8.513435411295522
58.4	8.49130410716681
58.45	8.403456292951791
58.5	8.435646501057631
58.551	8.46838886313578
58.6	8.252041744022321
58.651	8.435613840440555
58.7	8.389392896358418
58.75	8.465436686737537
58.801	8.290676099900491
58.85	8.463076488602264
58.9	8.477863798187872
58.95	8.38238854578049
59.0	8.609747973997127
59.051	8.518211713912082
59.1	8.191942775812501
59.15	8.454430977034948
59.2	8.53589160524212
59.25	8.5328979508816
59.3	8.521197010552426
59.35	8.38709272861938
59.401	8.40053231151878
59.45	8.46256160169337
59.5	8.361960260203567
59.55	8.38588613871731
59.6	8.383551900794632
59.65	8.43212387225055
59.7	8.46256160169337
59.751	8.612025973006748
59.8	8.264315021248139
59.85	8.38067172118241
59.9	8.374170757385704
59.95	8.270798305045053
60.001	8.48726085405745
60.05	8.43799784498043
60.101	8.327937612946132
60.15	8.35247384930031
60.2	8.439181794741542
60.25	8.537603455880623
60.3	8.3999270882963
60.35	8.55531218518604
60.4	8.375392853920449
60.45	8.44384033360717
60.5	8.291637382421479
60.55	8.592865181832991
60.6	8.436839202711159
60.65	8.346114139093212
60.7	8.445630607472804
60.75	8.350786510636015
60.8	8.415741166124771
60.85	8.451502634172087
60.9	8.395231618063065
60.95	8.379410774840363
61.001	8.455021624143932
61.051	8.423355199653486
61.1	8.298685784595923
61.15	8.369493268288718
61.2	8.39114838956132
61.25	8.538297520392312
61.3	8.354836133417134
61.35	8.33491597678918
61.4	8.366593265616343
61.451	8.375913606852794
61.5	8.622820690779571
61.55	8.365358794587044
61.6	8.365396800454258
61.65	8.413405394687649
61.7	8.485526981517127
61.75	8.621152061090088
61.8	8.43741055210231
61.851	8.261249112807562
61.9	8.389362683231113
61.95	8.398759254891262
62.0	8.595904380494478
62.05	8.502544771017293
62.1	8.499036461632206
62.15	8.312127720554646
62.2	8.29039920365857
62.25	8.427463264813484
62.301	8.533678957248549
62.35	8.364199024528402
62.4	8.248382673202098
62.45	8.351371799424545
62.5	8.425116562329636
62.55	8.29630634863513
62.6	8.36775229039964
62.65	8.484339709214177
62.7	8.289820084181446
62.75	8.435091607189406
62.8	8.311546538087775
62.85	8.41573958121874
62.9	8.46445577374142
62.95	8.477815556627432
63.001	8.426878082457153
63.051	8.560025311953995
63.1	8.316723638404161
63.15	8.432143199778665
63.2	8.399912038550637
63.251	8.521271529761037
63.3	8.359479025832373
63.35	8.327937612946132
63.4	8.326652749515283
63.45	8.240625929029594
63.5	8.38173273717804
63.55	8.459090046720055
63.6	8.399320139110237
63.65	8.276278841531525
63.7	8.428042691365203
63.751	8.601361656307477
63.8	8.498440663800306
63.85	8.395822614963246
63.9	8.413405394687649
63.951	8.31981749634511
64.0	8.432767570730036
64.05	8.26590622271123
64.1	8.129481549414594
64.151	8.0844989870403
64.2	8.31499947742111
64.25	8.374721069145004
64.3	8.330241248973714
64.35	8.155486644738883
64.4	8.372428052935097
64.45	8.358404812840732
64.5	8.417497283372368
64.551	8.351317029430962
64.6	8.368297736265092
64.65	8.431563323999978
64.7	8.323841593812583
64.75	8.480779045438164
64.8	8.281256482763418
64.85	8.192502869511245
64.9	8.46200712952414
64.95	8.244990846876576
65.0	8.2472489013013
65.05	8.317521190837505
65.1	8.225225283398066
65.15	8.278977806735274
65.2	8.151795209226286
65.25	8.32557554546828
65.3	8.500096661315087
65.35	8.384140777709122
65.401	8.333131881123624
65.45	8.27591334225462
65.5	8.581023105202572
65.551	8.43799784498043
65.6	8.138000663521689
65.65	8.470297547399447
65.7	8.470297547399447
65.75	8.495341163578063
65.801	8.231710563834035
65.85	8.379484393593177
65.901	8.41867673999249
65.95	8.19474348346628
66.001	8.457352000932564
66.05	8.195638974840259
66.1	8.33197104226648
66.151	8.210864866640092
66.2	8.322116794247215
66.25	8.354264102297964
66.3	8.38411013194103
66.35	8.393512363063655
66.4	8.3595620449121
66.451	8.416908756451901
66.5	8.484825496027888
66.55	8.491237595478978
66.6	8.063497057289306
66.65	8.361960260203567
66.7	8.376582417568011
66.75	8.284777473197654
66.8	8.404055973524674
66.85	8.331647859024573
66.901	8.281459875664469
66.951	8.39062038318848
67.001	8.305400638742801
67.05	8.394118961709284
67.1	8.502267534462709
67.15	8.199492268569683
67.201	8.395297003774633
67.25	8.298461223785965
67.3	8.504506761998517
67.35	8.334583538767747
67.4	8.16166022941846
67.45	8.408144383685853
67.501	8.39062038318848
67.55	8.343913373097294
67.6	8.240160861521606
67.651	8.292098188057887
67.7	8.404645955902481
67.751	8.34752499101737
67.8	8.197979974321562
67.85	8.344013853295078
67.9	8.37840474451028
67.95	8.358653570193685
68.0	8.113949672274307
68.051	8.18258662374185
68.1	8.244371852700002
68.15	8.331263916867721
68.2	8.414561202200865
68.251	8.22552810187128
68.301	8.284128328953871
68.35	8.127474634701544
68.4	8.279950805911646
68.451	8.436109851387037
68.501	8.332983999667336
68.55	8.328332916942308
68.6	8.372067411765936
68.65	7.955197954992212
68.7	8.28026505677782
68.75	8.262059133434219
68.8	8.316168495507297
68.85	8.215556770165886
68.9	8.34585212381504
68.95	8.31266549440518
69.0	8.283660350755035
69.05	8.329609028471307
69.1	8.302236903897693
69.151	8.239566123437916
69.2	8.287642392077508
69.25	8.346522483373564
69.3	8.33654726694935
69.35	8.217380799701507
69.4	8.133749889774398
69.45	8.254027267502824
69.5	8.32260802621395
69.557	8.172777412554286
69.6	8.351652795309704
69.65	8.20628735911536
69.7	8.176844489277322
69.75	8.213310625699604
69.8	8.175933360873833
69.85	8.298164071176176
69.9	8.323111151400536
69.951	8.21794806426692
70.0	8.156502156788079
70.05	8.169819630619179
70.1	8.291895205248899
70.151	8.320385827536759
70.2	8.369182417786222
70.25	8.187940432146714
70.3	8.197909683295068
70.35	8.182383497901885
70.4	8.116277008750064
70.45	8.087042893988933
70.501	8.056154843893296
70.55	8.203807613001022
70.6	8.2900104529233
70.65	8.259916086617961
70.7	8.143403019844067
70.75	8.190337343518564
70.8	8.238442534003207
70.85	8.265106915624278
70.9	8.324020672435228
70.95	8.220484862994544
71.001	8.154685257695801
71.05	8.156900842948456
71.1	8.19863755155544
71.15	8.372099071292382
71.201	8.314607331098122
71.25	8.235065766349235
71.3	8.18533405772984
71.35	8.23324485762638
71.4	8.493062559433044
71.45	8.181273161091793
71.5	8.2035702640407
71.55	8.22777245975697
71.6	8.377352178429682
71.65	8.299557035714216
71.7	8.356925043965436
71.75	8.283759282790308
71.8	8.22552810187128
71.85	8.113075099805032
71.9	8.179423718206188
71.95	8.211227474533226
72.0	8.337694065077178
72.05	8.196079765420572
72.1	8.27392609436225
72.151	8.180363716517663
72.201	8.085113805735883
72.255	8.286693283258577
72.3	8.295311646696607
72.35	8.365613686329114
72.4	8.136716829816663
72.45	8.236052794755551
72.5	8.27958929089903
72.551	8.160382468438385
72.6	8.216827573909443
72.65	8.182409608554309
72.7	8.203732055048619
72.75	8.196305477291295
72.8	8.165561855527768
72.85	8.214131503733256
72.901	8.142990516653429
72.95	8.272930049540125
73.0	8.252776571309923
73.05	8.137738574443471
73.1	8.185193232766718
73.15	8.138501262789518
73.2	8.278919602321515
73.25	8.344589305324693
73.3	8.022242960898225
73.35	8.088140423493149
73.4	8.236479062633796
73.451	8.20827834428523
73.5	8.31079460723731
73.551	8.063203226964605
73.601	7.971103602676823
73.65	8.17425964661719
73.7	8.224116491113781
73.75	8.144094818264822
73.8	8.237873472137704
73.851	8.143403019844067
73.9	8.114178645500143
73.95	8.172045628384392
74.0	8.269859459571297
74.05	8.199976447897159
74.1	8.017939852611857
74.15	8.195907159363927
74.2	8.15872187652081
74.251	7.991520517936509
74.3	8.071331195979848
74.35	8.199031546881208
74.4	7.990775120965644
74.451	8.22104495325355
74.5	8.306391464959558
74.55	8.080258155487426
74.6	8.086209606620429
74.65	8.258097441504729
74.7	8.113220298215484
74.75	8.186445276359867
74.8	8.132192652623049
74.85	8.184986584293776
74.9	8.432008332892247
74.951	8.385539836211011
75.0	8.29557644173737
75.05	8.267251381452432
75.1	8.112216112112002
75.151	8.158200016137329
75.201	8.21559505731782
75.25	8.094269485933879
75.3	8.20062717904507
75.35	8.162994877550485
75.4	8.153229725487787
75.45	8.117275472871285
75.5	8.332205228978154
75.551	8.098075249171893
75.6	8.202296543383992
75.65	8.335061076910193
75.701	8.100264590650072
75.75	8.18918212545298
75.801	8.134470977782314
75.85	8.268378662585764
75.9	8.315890067424284
75.95	8.147523348728523
76.0	8.164289200625566
76.05	8.137898621242554
76.1	8.103701601373867
76.151	8.243031417597289
76.2	8.262297013783225
76.25	8.091848351760543
76.3	8.177011321737574
76.35	8.364035290799945
76.4	8.288586292430685
76.451	8.177939098197529
76.5	8.216711370879732
76.551	8.06210430934462
76.6	8.055885406371583
76.65	8.304759354478362
76.7	8.005601313105359
76.75	8.01532321156503
76.8	8.1359052810082
76.85	8.085907088250776
76.901	8.068853206018188
76.951	8.133839927303939
77.0	8.12516694489316
77.05	8.312967540527149
77.1	8.024265268708453
77.15	8.302485054910974
77.2	8.363421837415869
77.251	8.015020794986656
77.3	8.102684097316304
77.35	8.059668647009511
77.4	8.043455846271543
77.451	8.117043504145933
77.5	8.141821669061079
77.55	8.134594582021741
77.6	8.090157091485747
77.65	8.139549280662154
77.701	8.069394935563361
77.751	8.100502336132937
77.801	8.122974486358714
77.85	8.136250026158995
77.901	8.135356171813594
77.95	8.179958600637711
78.0	8.19212577755264
78.05	8.216861844020574
78.101	8.336204684406646
78.15	7.93933404235388
78.201	8.198728845434156
78.25	8.145669613791645
78.301	8.149925869369767
78.35	8.189566199770827
78.4	8.035103421757533
78.45	8.310691405176232
78.501	8.264890349824041
78.55	8.05804848922739
78.6	8.12538582218287
78.65	8.177384835916342
78.7	8.129110249394369
78.75	8.27233741509009
78.801	8.075881447747477
78.85	8.318812316567021
78.9	7.976489324080142
78.95	8.204684112403083
79.0	8.079678537621854
79.05	8.124069982927686
79.1	8.228056387407111
79.15	8.093474327760843
79.2	8.146762742942842
79.251	8.319887101427605
79.3	7.977752447711033
79.35	8.202699330013422
79.4	8.08293848328402
79.45	8.047769008674658
79.5	8.28679677049961
79.551	8.142706689302475
79.6	8.093718082343788
79.65	8.122093768057066
79.7	8.439562633489142
79.751	8.043972159129225
79.8	8.054532028014021
79.85	8.159303752092262
79.9	7.986400049206745
79.95	7.908289621204294
80.0	7.931725569616761
80.05	8.127143670842855
80.1	8.0423280528131
80.151	8.240121640875909
80.2	8.26613240943604
80.25	8.246884849193403
80.3	8.147270562753226
80.35	8.16963291538377
80.401	7.984028968793672
80.451	8.169084762605152
80.5	8.079467100527447
80.55	8.033379445754312
80.6	8.08054822402131
80.65	8.152994848670708
80.7	8.009276035091617
80.75	8.21794806426692
80.8	8.026612487272844
80.851	8.141335958716633
80.9	8.229178222835442
80.95	8.156144943532244
81.001	8.09305095643451
81.05	7.895866117870487
81.1	8.132313778249696
81.15	8.117372240303146
81.2	8.163535334572742
81.25	8.393592146870533
81.3	8.110891263924183
81.35	7.9753641277968015
81.4	8.168155871437415
81.451	7.972503859284509
81.5	8.145608920687879
81.55	8.142094395746248
81.6	8.15409985295446
81.65	7.987884893581391
81.7	7.95325138327411
81.75	8.061031830761692
81.8	8.054252378930702
81.85	8.190166387150951
81.9	8.017939852611857
81.95	7.920919131828349
82.0	8.118898791253995
82.05	8.110421309845243
82.101	8.041221553584892
82.15	8.092259923744113
82.201	8.088982552630846
82.25	7.9737658095505966
82.3	7.995915395913392
82.356	7.839609683429583
82.4	7.955393755640214
82.451	8.144795997696963
82.5	8.135104006750737
82.55	8.095359241730261
82.6	8.125606911647452
82.65	8.091029252007447
82.7	7.986257748336871
82.75	7.997644143319442
82.8	7.9312821586274715
82.85	8.082856004584901
82.9	8.030001292519646
82.95	8.023456030149996
83.001	8.219861416993318
83.05	8.08095880770896
83.101	7.9717467897154926
83.15	8.045786143037077
83.2	8.03676807635738
83.25	7.91366356476823
83.301	8.11919830902679
83.35	8.122410253276804
83.401	8.18470741020843
83.451	8.109910317974357
83.5	8.001631554486995
83.55	8.149327837624353
83.6	8.09133054837557
83.65	8.081251424577724
83.7	8.051510314052019
83.75	8.172050748246406
83.8	8.173164454885516
83.85	8.049324342570078
83.9	8.049583753235442
83.95	8.170746206642365
84.0	8.051510314052019
84.051	8.048227764496483
84.101	8.095977460604674
84.15	8.126731926056568
